@1100
B6 27 6C 45 BB 27 40 45 BF 27 10 45 C3 27 00 45
C8 27 AA 44 CD 27 46 44 00 00 00 00 00 00 00 00
00 00 00 00 00 00 00 00 00 00 00 00 00 00 00 00
00 00 00 00 00 00 00 00 00 00 00 00 00 00 00 00
00 00 00 00 00 00 00 00 00 00 00 00 00 00 00 00
FE 1F 02 70 02 50 00 00 00 00 51 00 66 29 50 C3
00 00 00 00 00 00 00 00 00 00 60 00 FD 29 00 00
00 00 00 00 00 00 00 00 00 00 21 00 66 29 63 00
00 00 00 00 00 00 05 04 0A 29 00 00 B8 11 00 00
05 04 13 29 2A 4A 00 00 00 00 05 04 1C 29 DC 6E
00 00 00 00 05 04 25 29 CE 67 00 00 00 00 05 04
2E 29 40 73 00 00 00 00 03 04 37 29 66 37 00 00
86 11 03 04 42 29 D2 37 00 00 86 11 03 04 4B 29
5C 68 00 00 86 11 08 02 08 00 54 29 05 08 26 39
07 02 18 00 57 29 05 18 26 39 05 02 28 00 5A 29
05 28 26 39 04 0A 08 00 5D 29 0D 08 26 39 03 0A
18 00 60 29 0D 18 26 39 02 0A 28 00 63 29 0D 28
26 39 5A 02 0E 10 12 00 60 02 14 16 18 00 66 02
1A 1C 1E 00 6C 02 20 22 24 00 72 02 26 28 2A 00
78 02 2C 2E 30 00 7E 02 32 34 36 00 84 02 38 3A
3C 00 8A 02 44 46 48 00 90 02 3E 40 42 00 54 02
4A 4C 4E 00 FF FF 00 00 00 00 0F 08 08 08 08 08
08 0F 00 00 00 00 00 00 00 00 E0 20 20 20 20 20
20 E0 00 00 00 00 AB BD 00 00 01 02 0E 30 42 3F
00 08 10 21 42 04 08 00 00 60 A0 10 98 24 46 BE
00 40 84 08 10 20 40 00 D6 CF 00 01 7D 11 11 11
7D 11 11 10 1C 70 01 06 00 00 00 F8 08 48 48 48
48 48 48 60 A0 A0 24 1C 00 00 AE CB 00 01 01 01
01 7D 05 09 09 11 21 41 05 02 00 00 00 00 00 10
30 40 80 80 40 20 1C 08 00 00 00 00 BB CE 00 08
08 10 17 30 52 12 11 11 11 10 1F 10 00 00 00 80
40 40 F8 00 10 10 20 20 40 40 FC 00 00 00 DB C0
00 3F 21 3F 21 3F 04 1F 03 0C 3F 09 11 66 00 00
00 F8 08 F8 08 F8 20 C0 20 10 F0 20 18 08 00 00
C6 BC 00 20 10 10 00 00 77 10 10 10 12 14 18 10
00 00 00 40 40 40 40 40 FC 40 40 40 40 40 40 40
00 00 A1 D0 00 01 01 01 01 09 19 21 41 01 01 01
05 02 00 00 00 00 00 00 00 20 18 0C 04 00 00 00
00 00 00 00 B1 CA 00 00 7C 44 47 44 7D 44 44 44
44 7C 44 00 00 00 00 10 10 10 FC 10 10 90 90 10
10 10 90 60 00 00 B1 B5 00 01 21 19 09 01 7F 00
00 3F 00 00 00 7F 00 00 00 00 08 18 20 00 F8 08
08 F8 08 08 08 F8 00 00 B0 C7 00 1C 04 7F 00 3E
22 3E 22 22 3E 22 22 2E 00 00 00 30 40 FC 00 08
48 48 48 48 48 08 28 10 00 00 C9 B2 00 00 3F 00
11 08 01 7F 03 05 09 11 61 01 00 00 00 F8 00 08
18 A0 00 FC 80 40 30 0C 08 00 00 00 F9 D1 00 11
10 13 7C 10 39 34 50 57 10 10 10 10 00 00 00 10
A0 F8 40 40 F0 40 40 FC 40 40 40 40 00 00 A4 D4
00 7D 04 28 11 11 7F 15 11 11 11 11 50 23 00 00
00 FC 40 80 F8 08 48 48 48 48 48 48 B0 0C 00 00
C8 C8 00 08 08 7F 08 0A 1D 68 08 29 12 00 24 42
00 00 00 80 80 F0 90 90 90 D0 94 14 08 00 90 4C
00 00 EA D3 00 7F 01 01 3F 21 29 25 21 29 25 21
21 21 00 00 00 FC 00 00 F8 08 48 28 08 48 28 08
28 10 00 00 BF C1 00 1F 16 11 7F 00 1F 15 15 1F
01 3F 01 7F 00 00 00 F0 10 90 FC 00 F0 50 50 F0
00 F8 00 FC 00 00 C9 B3 00 00 00 3F 20 20 20 3E
22 22 2A 24 40 41 00 00 00 A0 90 F8 80 80 88 58
50 60 40 A4 94 08 00 00 A6 B9 00 00 00 7C 13 10
10 10 10 1D 71 02 04 08 00 00 00 80 80 80 F8 88
88 88 88 08 08 08 88 70 00 00 A7 CA 00 11 11 11
1F 21 41 7F 01 02 02 04 18 60 00 00 00 00 00 00
F0 00 00 FC 00 80 80 40 30 0C 00 00 DC B0 00 7C
44 54 54 55 56 54 54 54 10 28 24 43 00 00 00 40
80 FC 90 10 90 90 A0 A0 40 60 90 0C 00 00 A2 B7
00 11 11 21 3F 02 02 07 06 09 10 21 42 1C 00 00
00 20 10 00 FC 00 00 F0 20 40 80 40 20 1C 00 00
C5 D0 00 08 08 17 10 33 30 53 10 13 12 12 13 12
00 00 00 80 40 FC 00 F8 00 F8 00 F8 08 08 F8 08
00 00 D5 C8 00 1F 10 10 10 10 1F 10 10 10 10 10
1F 10 00 00 00 F0 10 10 10 10 F0 10 10 10 10 10
F0 10 00 00 EE D7 00 1F 12 11 1F 00 7F 22 3F 22
3E 22 7E 03 00 00 00 F0 10 90 F0 00 FC 00 F8 90
A0 40 A0 1C 00 00 DF B8 00 01 7F 00 0F 08 0F 00
3F 20 27 24 27 20 00 00 00 00 FC 00 E0 20 E0 00
F8 08 C8 48 C8 18 00 00 CD B5 00 10 17 24 24 64
24 27 24 24 24 25 26 2C 00 00 00 78 C0 40 40 40
40 FC 40 20 20 24 94 48 00 00 E7 B5 00 02 02 02
7F 42 42 7F 42 42 7F 42 02 01 00 00 00 00 00 00
F0 10 10 F0 10 10 F0 04 04 F8 00 00 B4 D4 00 47
34 14 45 25 05 15 25 64 25 29 2A 30 00 00 00 FC
40 80 F8 08 F8 08 F8 40 50 4C 44 C0 00 00 B9 D1
00 3F 20 20 20 20 20 2F 20 20 20 40 40 5F 00 00
00 F8 80 80 80 80 80 F8 80 A0 98 88 80 FC 00 00
E8 C9 00 21 11 11 01 02 74 13 11 10 10 14 19 16
00 00 00 E0 20 20 20 1C 00 F8 10 A0 40 A0 10 0C
00 00 B8 B1 00 07 08 14 23 06 18 7F 11 11 1F 11
11 1F 00 00 00 E0 40 80 00 C0 30 FC 10 10 F0 10
10 F0 00 00 C2 CE 00 23 12 0A 43 22 02 0B 10 67
25 25 25 2F 00 00 00 F0 10 10 F0 10 10 F0 00 F8
28 28 28 FC 00 00 C8 B6 00 01 3F 22 22 3F 22 23
20 2F 24 22 41 5E 00 00 00 80 FC 40 40 F8 40 C0
00 F0 20 40 80 7C 00 00 E6 A1 00 00 39 2A 3C 04
04 04 04 04 04 02 01 00 00 00 00 00 E0 18 08 08
00 00 00 00 08 10 E0 00 00 00 E2 B2 00 40 37 14
45 25 25 0D 15 65 21 22 24 28 00 00 00 04 C4 54
54 54 54 54 54 54 04 84 54 48 00 00 D4 CA 00 40
20 10 0F 00 60 27 21 21 21 29 37 20 00 00 00 50
48 40 FC 40 20 A0 20 20 20 94 14 0C 00 00 A8 B1
00 11 11 11 7D 11 15 19 31 51 11 11 51 21 00 00
00 F8 08 08 30 00 F8 08 90 50 20 50 8C 08 00 00
C3 D6 00 3F 24 7F 01 1F 10 1F 10 1F 10 1F 10 7F
00 00 00 F8 48 FC 00 F0 10 F0 10 F0 10 F0 10 FC
00 00 FD CA 00 49 2A 08 7F 19 2C 4A 10 7E 22 14
19 66 00 00 00 40 40 80 FC 10 90 90 A0 A0 40 A0
10 0C 00 00 D3 BC 00 10 10 10 7E 12 12 12 12 12
22 22 4A 44 00 00 00 00 00 F8 88 88 88 88 88 88
88 88 F8 88 00 00 A8 B6 00 01 01 7F 40 40 1F 01
11 11 11 11 29 47 00 00 00 00 00 FC 04 04 F0 00
00 E0 00 00 00 FC 00 00 E0 B1 00 10 23 22 4A 7B
12 23 56 6A 03 1A 62 42 00 00 00 40 F8 08 08 F8
00 F8 A8 A8 F8 A8 A8 B8 00 00 E6 B1 00 20 10 7C
02 2A 2A 7E 10 7C 11 11 22 44 00 00 00 A0 90 FC
80 A8 A8 FC 90 FC 10 10 10 10 00 00 A8 B2 00 40
30 17 04 44 24 0F 15 64 24 28 29 36 00 00 00 80
80 F8 88 90 80 F0 10 A0 40 A0 10 0C 00 00 B4 B2
00 40 30 13 42 62 2A 0B 12 62 22 22 23 22 00 00
00 40 80 F8 08 08 08 F8 08 08 08 08 F8 08 00 00
CE B2 00 02 04 1F 02 7F 04 1B 2C 41 0E 00 07 78
00 00 00 40 20 F0 00 FC 80 60 1C 88 20 C0 00 00
00 00 A3 B3 00 11 09 7F 40 4F 08 0F 01 3F 21 21
21 01 00 00 00 10 20 FC 04 E4 20 E0 00 F8 08 28
10 00 00 00 A7 B3 00 00 1F 10 10 10 10 10 10 10
20 20 40 40 00 00 00 00 FC 00 00 00 00 00 00 00
00 00 00 00 00 00 AC B3 00 0B 08 3E 08 08 7D 0A
28 2E 28 38 48 47 00 00 00 F8 88 88 88 A8 10 F8
88 88 88 F8 00 FC 00 00 F6 B3 00 01 21 21 21 21
3F 01 41 41 41 41 41 7F 00 00 00 00 08 08 08 08
F8 00 04 04 04 04 04 FC 00 00 A2 B4 00 14 12 22
20 6D 24 24 25 26 24 25 26 20 00 00 00 40 48 F8
50 FC 40 F8 88 88 F8 88 88 F8 00 00 A5 B4 00 10
1E 24 48 3E 2A 3E 2A 2A 3E 2A 2A 46 00 00 00 20
20 20 F8 A8 A8 A8 A8 F8 A0 28 38 C4 00 00 CE B4
00 40 30 11 01 0A 12 64 20 20 20 21 21 26 00 00
00 80 80 00 F8 08 90 80 80 C0 C0 20 10 1C 00 00
E6 B4 00 02 7F 04 08 0B 10 30 57 10 10 10 11 10
00 00 00 00 FC 00 00 F0 20 40 FC 40 40 40 40 80
00 00 ED B4 00 10 10 1D 20 20 7B 10 11 7D 11 15
19 11 00 00 00 A0 A0 F8 A0 A0 FC 00 F0 10 F0 10
F0 10 00 00 F0 B4 00 10 1E 28 45 02 04 18 27 40
0F 08 08 0F 00 00 00 40 FC A0 10 80 40 30 CC 08
E0 20 20 E0 00 00 C0 B5 00 42 31 17 00 03 72 13
12 13 12 13 28 47 00 00 00 10 20 F8 80 F0 10 F0
10 F0 10 F0 00 FC 00 00 D8 B5 00 10 12 12 12 12
7B 16 12 12 12 1E 62 01 00 00 00 40 40 48 58 68
C8 48 48 68 50 44 04 F8 00 00 E3 B5 00 02 02 03
02 02 3F 20 20 3F 00 24 22 42 00 00 00 00 00 F8
00 00 F0 10 10 F0 00 90 48 44 00 00 F7 B5 00 67
24 04 05 64 27 24 25 2D 35 25 08 10 00 00 00 F8
88 88 E8 88 F8 08 E8 28 28 E8 08 30 00 00 F4 B5
00 10 10 10 7F 12 17 1A 33 50 17 10 50 20 00 00
00 40 78 40 F8 08 F8 08 F8 40 FC 40 40 40 00 00
CE B6 00 06 38 20 20 3E 21 3E 21 20 3E 60 20 23
00 00 00 F0 90 90 90 90 0C 00 F8 88 90 60 90 0C
00 00 A7 B7 00 37 10 45 45 49 5F 69 49 48 49 4A
48 48 00 00 00 F8 08 48 28 08 F8 28 48 88 88 A8
68 18 00 00 D6 B7 00 00 04 08 08 10 20 5F 04 04
04 08 11 20 00 00 00 80 80 40 40 20 10 EC 20 20
20 20 40 80 00 00 B4 B8 00 08 1F 20 4F 0A 09 0F
04 0F 12 21 02 3C 00 00 00 00 F8 00 E0 20 A0 E0
00 E0 40 80 40 3C 00 00 F4 B8 00 7B 48 53 52 63
50 57 4D 6C 57 44 44 44 00 00 00 F8 00 F8 08 F8
00 FC 14 A4 FC 44 44 18 00 00 A4 B9 00 00 3F 01
01 01 01 01 01 01 01 01 7F 00 00 00 00 00 F8 00
00 00 00 00 00 00 00 00 FC 00 00 00 DB B9 00 01
7D 05 45 29 29 11 29 25 44 40 01 06 00 00 00 F8
08 48 48 48 48 48 48 68 A0 A0 24 1C 00 00 C5 BA
00 1F 10 10 10 1F 00 7F 08 1F 00 00 00 00 00 00
00 F0 10 10 10 F0 00 FC 00 F0 10 10 90 60 00 00
D3 BA 00 67 10 00 43 22 22 0A 12 53 22 20 20 20
00 00 00 FC 08 08 C8 48 48 48 48 C8 08 08 48 30
00 00 FE BA 00 22 12 02 4F 22 02 1F 28 48 48 4F
48 40 00 00 00 3C 24 24 A4 3C 24 A4 BC A4 A4 A4
44 98 00 00 D6 BB 00 10 10 17 58 55 51 53 12 12
14 14 18 11 00 00 00 80 80 FC 80 20 24 A8 B0 20
50 90 88 0C 00 00 F9 BB 00 08 3F 08 0F 08 0F 08
7F 09 31 4F 01 3F 00 00 00 20 F8 20 E0 20 E0 20
FC 20 10 EC 00 F8 00 00 E4 BC 00 33 08 40 47 44
44 47 44 44 44 47 44 40 00 00 00 FC 04 04 C4 44
44 C4 44 44 44 C4 24 18 00 00 EC BC 00 10 10 10
7D 12 35 38 54 52 11 11 10 17 00 00 00 80 80 C0
20 10 EC 08 88 48 50 20 00 FC 00 00 DD BE 00 13
12 12 7F 12 16 1B 72 12 15 15 15 69 00 00 00 F8
08 08 F8 40 40 FC 40 40 F8 08 08 F8 00 00 E2 BF
00 00 3F 21 21 3F 22 24 2F 20 20 3F 40 40 00 00
00 80 F8 00 00 F8 00 80 F0 80 80 FC 80 80 00 00
E0 C0 00 11 09 01 7F 01 05 18 01 7F 02 04 08 70
00 00 00 10 20 00 FC 00 40 30 00 FC 80 40 20 1C
00 00 A6 C1 00 02 02 02 7F 02 02 02 02 04 04 08
10 60 00 00 00 00 00 00 F8 08 08 08 08 08 08 08
88 70 00 00 CA C2 00 01 3F 01 22 17 02 24 4F 01
7F 01 01 01 00 00 00 00 F8 00 48 90 20 90 C8 00
FC 00 00 00 00 00 EB C2 00 7D 10 11 11 21 3D 65
24 24 27 24 3C 24 00 00 00 F0 10 10 10 10 10 FC
04 04 F4 04 24 18 00 00 DC C3 00 01 7F 42 49 28
4B 1C 67 01 21 21 21 3F 00 00 00 00 FC 04 54 88
04 20 E0 00 08 08 08 F8 00 00 A3 C4 00 11 17 11
7F 12 3B 36 53 50 17 10 11 16 00 00 00 10 FC 10
F8 08 F8 08 F8 40 FC A0 10 0C 00 00 E4 C5 00 7F
14 14 7F 55 55 57 61 41 7F 41 41 7F 00 00 00 78
08 08 08 08 78 40 40 40 40 44 44 38 00 00 DA C6
00 22 22 7F 22 3E 22 3E 22 7F 00 24 22 43 00 00
00 00 F8 88 88 F8 88 88 F8 88 88 88 88 30 00 00
F0 C6 00 08 08 3E 08 08 7E 08 28 2E 28 28 58 47
00 00 00 00 F8 08 08 08 F8 80 80 88 88 70 00 FC
00 00 EB C7 00 20 17 10 03 70 17 10 13 12 12 17
1A 12 00 00 00 40 FC 40 F8 40 FC 00 F8 48 48 F8
08 18 00 00 CB C8 00 01 01 01 01 01 01 02 02 04
04 08 10 60 00 00 00 00 00 00 00 00 00 80 80 40
40 20 10 0C 00 00 EB C8 00 04 02 01 01 02 02 04
04 08 08 10 20 40 00 00 00 00 00 00 00 80 80 80
40 40 20 20 10 0C 00 00 CF C9 00 01 01 01 01 01
01 01 01 01 01 01 01 7F 00 00 00 00 00 00 00 F0
00 00 00 00 00 00 00 FC 00 00 BC CA 00 10 10 10
7C 25 27 24 49 29 11 29 25 41 00 00 00 40 40 80
90 08 FC 04 F8 08 08 08 F8 08 00 00 BD CA 00 00
00 00 7F 00 00 3E 08 08 08 0F 70 00 00 00 00 A0
90 80 FC 80 80 80 80 80 40 44 24 18 00 00 E4 CA
00 10 10 7D 22 25 50 7F 12 1F 72 13 12 12 00 00
00 40 A0 10 0C F0 00 A8 A8 A8 A8 A8 88 98 00 00
D8 CC 00 10 50 53 7C 50 57 18 77 11 10 10 10 10
00 00 00 40 40 F8 40 40 FC 10 FC 10 90 90 10 60
00 00 A8 CD 00 47 31 10 07 04 67 24 27 24 24 24
50 4F 00 00 00 F0 20 C0 F0 90 F0 90 F0 90 90 B0
00 FC 00 00 B3 CD 00 10 20 27 48 79 12 27 41 79
01 1A 64 08 00 00 00 80 40 FC 80 20 10 F8 20 20
20 24 24 18 00 00 F3 CE 00 43 32 12 03 00 63 20
20 27 20 28 31 26 00 00 00 F8 08 08 F8 00 F8 40
40 FC 40 A0 10 0C 00 00 A2 CF 00 04 1F 10 1F 10
1F 10 1F 02 29 28 28 47 00 00 00 00 F0 10 F0 10
F0 10 F0 00 90 88 24 E4 00 00 B5 CF 00 3F 02 04
08 3F 02 0C 3F 01 09 11 25 02 00 00 00 F8 00 20
40 80 20 10 F8 08 20 10 08 00 00 00 C2 CF 00 7F
02 02 02 02 02 02 02 02 02 02 02 02 00 00 00 FC
00 00 00 80 40 30 10 00 00 00 00 00 00 00 C4 D0
00 02 01 00 08 08 28 28 48 48 08 08 08 07 00 00
00 00 00 80 80 00 10 0C 04 04 20 20 20 C0 00 00
CD D0 00 7F 12 12 12 7F 12 12 22 41 3F 01 01 7F
00 00 00 88 48 48 48 C8 48 48 28 10 F8 00 00 FC
00 00 DE D0 00 11 11 21 2A 6C 29 2E 29 2A 29 22
20 27 00 00 00 00 F8 10 A0 C0 30 8C 20 48 90 20
C0 00 00 00 D3 D1 00 00 7D 04 08 11 21 7D 05 49
29 10 28 47 00 00 00 38 E0 20 20 20 38 20 20 20
FC 00 00 FC 00 00 D4 D2 00 04 42 43 41 40 40 41
42 44 48 50 60 07 00 00 00 10 10 10 10 10 10 30
20 30 48 4C 84 04 00 00 EC D2 00 3F 20 20 3F 20
20 1F 08 7F 08 08 10 20 00 00 00 F0 10 10 F0 08
08 F0 20 FC 20 20 20 20 00 00 A6 D3 00 00 3F 20
21 20 28 24 24 22 22 40 40 1F 00 00 00 80 FC 00
08 88 88 90 90 20 20 40 40 FC 00 00 F6 D4 00 22
21 27 24 7D 24 27 20 3B 62 03 02 03 00 00 00 08
10 FC 44 54 44 FC 00 F8 08 F8 08 F8 00 00 BE D5
00 20 10 10 7E 00 44 44 25 29 09 0F 71 01 00 00
00 40 40 40 7C 40 40 40 F8 08 08 08 08 F8 00 00
FB D5 00 08 7F 08 3F 2A 3E 1C 2A 3F 01 09 09 7F
00 00 00 40 7C 88 48 50 20 50 8C F8 00 F0 00 FC
00 00 FD D5 00 3F 01 01 01 01 11 11 11 11 11 11
11 7F 00 00 00 F8 00 00 00 00 00 F0 00 00 00 00
00 FC 00 00 B5 D6 00 08 0F 10 13 32 53 12 13 12
13 12 17 10 00 00 00 40 FC 40 F8 08 F8 08 F8 08
F8 08 FC 00 00 00 B7 D6 00 10 10 10 7D 11 11 11
11 13 1D 71 01 07 00 00 00 20 20 20 20 3C 20 20
20 20 20 20 20 FC 00 00 D0 D6 00 01 01 3F 21 21
21 21 3F 21 01 01 01 01 00 00 00 00 00 F8 08 08
08 08 F8 08 00 00 00 00 00 00 D8 D6 00 1F 01 7F
01 1F 11 1F 11 1F 01 3F 01 7F 00 00 00 F0 00 FC
00 F0 10 F0 10 F0 00 F8 00 FC 00 00 DC D6 00 3F
21 21 2F 21 3F 20 27 24 24 27 44 40 00 00 00 F8
08 08 E8 08 F8 08 C8 48 48 C8 08 30 00 00 D4 D7
00 02 04 1F 10 10 1F 10 10 1F 10 10 1F 10 00 00
00 00 00 F0 10 10 F0 10 10 F0 10 10 F0 10 00 00
DC D7 00 10 08 04 1F 10 10 1F 10 02 29 28 48 07
00 00 00 10 30 40 F0 10 10 F0 10 00 88 84 24 E0
00 00 F7 D7 00 09 09 11 12 32 54 18 10 10 10 10
10 10 00 00 00 00 00 FC 80 80 F0 80 80 80 F8 80
80 80 00 00 D5 BF 00 01 7F 40 44 0C 10 20 1F 01
01 01 01 7F 00 00 00 00 FC 04 44 30 18 08 F0 00
00 00 00 FC 00 00 E5 C7 00 20 13 08 43 20 07 08
13 62 23 22 23 22 00 00 00 40 F8 40 F8 40 FC 00
F8 08 F8 08 F8 08 00 00 E3 C1 00 1F 01 7F 49 49
03 0C 32 41 0F 00 03 00 00 00 00 F0 00 FC 24 24
80 40 30 0C E0 40 80 C0 00 00 AA BF 00 3F 04 04
04 04 04 7F 04 04 08 08 10 20 00 00 00 F8 40 40
40 40 40 FC 40 40 40 40 40 40 00 00 D8 B9 00 10
08 04 3F 01 01 7F 01 02 02 04 08 70 00 00 00 10
20 40 F8 00 00 FC 00 80 80 40 30 0C 00 00 AF B6
00 00 7C 00 01 7E 10 30 24 42 7E 42 01 06 00 00
00 80 80 80 F8 88 88 88 88 88 88 88 08 70 00 00
B7 C8 00 00 7E 11 13 25 21 7D 25 25 25 3D 21 02
00 00 00 80 F8 10 FC 24 24 FC 24 24 FC 24 24 2C
00 00 CF C8 00 40 30 10 00 00 70 10 10 11 15 1A
12 04 00 00 00 40 40 40 40 40 40 A0 A0 10 10 08
08 04 00 00 B5 BD 00 00 3D 2A 28 28 31 2A 25 25
35 2B 20 20 00 00 00 80 F8 10 A0 C0 20 5C F0 40
40 FC 40 40 00 00 EA C4 00 08 0F 11 11 3F 51 11
11 7F 01 01 01 01 00 00 00 00 F8 00 00 F0 00 00
00 FC 00 00 00 00 00 00 C2 D4 00 0F 08 08 08 0F
08 08 08 0F 08 10 10 20 00 00 00 F0 10 10 10 F0
10 10 10 F0 10 10 90 60 00 00 EB C3 00 1C 70 10
11 7D 11 1A 34 30 50 50 10 13 00 00 00 40 40 40
50 4C 44 48 48 50 20 40 80 00 00 00 C7 CA 00 0F
08 0F 08 0F 00 7F 01 09 09 09 15 63 00 00 00 E0
20 E0 20 E0 00 FC 00 00 E0 00 00 FC 00 00 F1 B7
00 7F 00 01 03 05 19 61 1F 10 10 10 1F 10 00 00
00 FC 80 00 40 30 0C 00 F0 10 10 10 F0 10 00 00
E4 B1 00 01 7F 04 14 14 24 5F 08 04 02 01 06 38
00 00 00 00 FC 40 50 48 44 F4 20 40 80 00 80 78
00 00 D3 D6 00 10 10 1C 21 21 7D 11 11 7D 10 14
18 10 00 00 00 20 20 20 FC 24 24 24 FC 24 20 20
20 20 00 00 BE B1 00 01 01 3F 03 05 05 09 09 11
2F 41 01 01 00 00 00 00 00 F8 80 40 40 20 20 10
EC 08 00 00 00 00 CB D4 00 43 30 10 00 07 70 11
11 12 17 10 28 47 00 00 00 F8 00 00 00 FC 80 00
20 10 F8 08 00 FC 00 00 D0 D0 00 0B 10 20 40 08
17 30 50 10 10 10 10 10 00 00 00 F8 00 00 00 00
FC 20 20 20 20 20 A0 40 00 00 AC CE 00 10 20 21
49 7B 15 21 41 7D 01 1D 61 01 00 00 00 A0 90 FC
20 20 F8 20 20 F8 20 20 FC 00 00 00 E9 B2 00 01
7F 03 05 19 61 1F 10 1F 10 1F 00 7F 00 00 00 00
FC 80 40 30 0C F0 10 F0 10 F0 00 FC 00 00 AF D1
00 42 33 12 04 03 72 12 13 12 12 17 18 10 00 00
00 00 F8 08 08 E8 28 28 E8 28 28 E8 08 30 00 00
DC C4 00 08 10 22 7E 02 3C 24 3C 24 24 3C 24 2C
00 00 00 80 90 A0 C0 88 78 00 90 B0 C0 80 84 7C
00 00 CC B3 00 1D 71 11 11 7D 10 3B 34 50 51 10
10 17 00 00 00 F8 08 08 08 F8 00 F8 40 40 F8 40
40 FC 00 00 AD B7 00 3E 08 2A 7F 08 2A 41 3E 2A
3F 2A 3F 22 00 00 00 D8 48 48 68 D8 48 48 58 E8
48 48 68 90 00 00 B7 B6 00 08 06 02 10 0C 04 00
7F 00 00 00 00 00 00 00 00 80 80 80 80 80 80 FC
80 80 80 80 80 80 00 00 B4 CE 00 01 01 3F 01 01
01 7F 05 09 11 61 01 01 00 00 00 00 00 F8 00 00
00 FC 40 20 10 0C 00 00 00 00 D3 BD 00 10 10 13
7D 10 13 18 77 11 12 11 50 23 00 00 00 80 40 F8
10 A0 F8 80 FC 10 10 20 C0 30 00 00 F1 BD 00 01
01 02 04 0A 11 60 00 1F 00 00 00 01 00 00 00 00
00 80 40 20 90 8C 00 F0 20 40 80 00 00 00 A1 B3
00 13 10 10 7C 11 13 11 15 1A 62 04 09 12 00 00
00 F0 20 40 80 00 F8 48 48 48 88 88 48 30 00 00
A2 C1 00 02 01 00 3F 00 00 10 08 08 04 04 00 7F
00 00 00 00 00 00 F8 00 10 10 20 20 40 40 00 FC
00 00 B4 BC 00 7E 42 42 7E 42 42 7E 44 44 4A 72
40 00 00 00 00 FC 84 84 84 84 84 84 A4 94 88 80
80 80 00 00 AA D7 00 10 10 7D 20 28 4B 7C 09 1C
68 09 08 08 00 00 00 40 40 F8 40 40 FC 80 F8 10
20 A0 60 30 00 00 C6 D2 00 1C 70 11 12 7C 10 39
34 50 51 10 10 17 00 00 00 80 F8 08 90 60 A0 7C
44 88 48 30 60 80 00 00 BC D7 00 41 21 13 02 06
1B 22 62 23 22 22 23 22 00 00 00 40 20 FC 20 20
F8 20 20 F8 20 20 FC 00 00 00 B8 B1 00 07 08 14
23 06 18 7F 11 11 1F 11 11 1F 00 00 00 E0 40 80
00 C0 30 FC 10 10 F0 10 10 F0 00 00 AF BE 00 24
7E 25 5E 2A 3A 05 7F 08 04 1F 10 1F 00 00 00 40
BC 48 30 50 8C 00 FC 80 40 F0 10 F0 00 00 E4 BD
00 00 00 7F 00 12 12 7F 12 12 12 12 23 42 00 00
00 50 48 FC 40 40 48 C8 50 20 60 A4 14 0C 00 00
F7 D6 00 02 01 3F 01 01 01 1F 01 01 01 01 7F 00
00 00 00 00 00 F8 00 00 00 F0 00 00 00 00 FC 00
00 00 FA BB 00 10 11 11 7D 11 31 39 55 51 11 11
12 1C 00 00 00 00 E0 20 20 20 20 20 20 20 20 24
24 18 00 00 D3 B4 00 08 08 08 08 08 08 08 14 14
12 21 22 44 00 00 00 40 40 40 40 40 40 A0 A0 A0
90 10 08 0C 00 00 43 43 4C 4B 00 41 54 45 00 52
53 54 00 43 52 45 53 00 54 45 53 54 00 4C 65 64
54 65 73 74 00 0D 0A 45 52 52 4F 52 21 00 0D 0A
4F 4B 21 00 32 30 30 30 2D 30 30 2D 30 30 20 30
30 3A 30 30 3A 30 30 00 0D 0A 43 43 4C 4B 20 4F
4B 21 00 0D 0A 43 43 4C 4B 20 4E 47 21 00 0D 0A
2B 43 43 4C 4B 3A 00 52 65 73 65 74 2E 2E 2E 0D
0A 00 0D 0A B5 BC C8 EB C5 E4 D6 C3 3E 3E 3E 00
0D 0A 45 45 50 52 4F 4D 20 4F 4B 21 00 0D 0A 45
45 50 52 4F 4D 20 4E 47 21 00 0D 0A 46 41 4C 53
48 20 4F 4B 21 00 0D 0A 46 41 4C 53 48 20 4E 47
21 00 BD AB 00 C1 A2 BC B4 D7 AA D2 C6 00 D7 BC
B1 B8 D7 AA D2 C6 00 BE AF BD E4 B1 A8 BE AF 00
20 35 B7 D6 D6 D3 BD AB 00 31 30 B7 D6 D6 D3 BD
AB 00 33 30 B7 D6 D6 D3 BD AB 00 20 31 D0 A1 CA
B1 BD AB 00 20 33 D0 A1 CA B1 BD AB 00 20 36 D0
A1 CA B1 BD AB 00 31 32 D0 A1 CA B1 BD AB 00 32
34 D0 A1 CA B1 BD AB 00 20 20 BD F1 C8 D5 BD AB
00 B1 BE B3 A1 BD AB 00 C0 DB BC C6 BD AB 00 B5
E7 D4 B4 B5 E7 D1 B9 00 C9 E8 B1 B8 CE C2 B6 C8
00 6D 6D 00 56 00 A1 E6 00 30 30 3A 30 30 00 4B
65 79 3A 20 25 78 20 0D 0A 00 CF B5 CD B3 C9 E8
D6 C3 00 B1 A8 BE AF C9 E8 D6 C3 00 CF B5 CD B3
D0 C5 CF A2 00 BB D6 B8 B4 B3 F6 B3 A7 00 CF B5
CD B3 D7 D4 BC EC 00 B7 AD B6 B7 B7 D6 B1 E6 C1
A6 00 CA B1 BC E4 C8 D5 C6 DA 00 D3 EA C1 BF C7
E5 C1 E3 00 C4 EA 00 D4 C2 00 C8 D5 00 CA B1 00
B7 D6 00 C3 EB 00 6D 6D 00 20 35 B7 D6 D6 D3 D3
EA C1 BF 00 31 30 B7 D6 D6 D3 D3 EA C1 BF 00 33
30 B7 D6 D6 D3 D3 EA C1 BF 00 20 31 D0 A1 CA B1
D3 EA C1 BF 00 20 33 D0 A1 CA B1 D3 EA C1 BF 00
20 36 D0 A1 CA B1 D3 EA C1 BF 00 31 32 D0 A1 CA
B1 D3 EA C1 BF 00 32 34 D0 A1 CA B1 D3 EA C1 BF
00 20 BD F1 C8 D5 D3 EA C1 BF 20 00 20 B1 BE B3
A1 D3 EA C1 BF 20 00 20 C0 DB BC C6 D3 EA C1 BF
20 00 C1 A2 BC B4 D7 AA D2 C6 00 D7 BC B1 B8 D7
AA D2 C6 00 BE AF BD E4 B1 A8 BE AF 00 00 00 CA
E4 C8 EB C3 DC C2 EB 00 00 D3 EA C1 BF C7 E5 C1
E3 3F 00 CA C7 20 20 B7 F1 00 56 32 2E 30 00 56
32 2E 30 5F 32 30 31 34 30 39 31 38 00 BB D6 B8
B4 B3 F6 B3 A7 C9 E8 D6 C3 3F 00 01 03 05 07 08
0A 0C 30 31 32 33 34 35 36 37 38 39 41 42 43 44
45 46 FF 00 00 00 78 48 48 78 00 00 00 00 00 00
00 00 00 20 00 00 00 00 00 00 00 00 00 00 00 00
00 00 00 00 2D 00 00 00 78 00 00 00 00 00 00 00
00 00 00 00 00 3A 00 30 30 00 30 30 00 00 00 00
00 00 00 00 00 00 2E 00 00 00 00 00 30 30 00 00
00 00 00 00 00 00 00 0C 40 A0 4C 10 10 10 0C 00
00 00 00 00 00 00 00 00 30 78 48 48 48 48 48 78
00 00 00 00 00 00 00 00 00 31 08 08 08 08 08 08
08 00 00 00 00 00 00 00 00 00 32 78 08 08 78 40
40 78 00 00 00 00 00 00 00 00 00 33 78 08 08 78
08 08 78 00 00 00 00 00 00 00 00 00 34 48 48 48
78 08 08 08 00 00 00 00 00 00 00 00 00 35 78 40
40 78 08 08 78 00 00 00 00 00 00 00 00 00 36 78
40 40 78 48 48 78 00 00 00 00 00 00 00 00 00 37
78 08 08 08 08 08 08 00 00 00 00 00 00 00 00 00
38 78 48 48 78 48 48 78 00 00 00 00 00 00 00 00
00 39 78 48 48 78 08 08 78 00 00 00 00 00 00 00
00 00 FF 00 00 00 00 00 00 3C 24 24 24 3C 00 00
00 00 00 20 00 00 00 00 00 00 00 00 00 00 00 00
00 00 00 00 21 00 00 00 10 10 10 10 10 10 10 00
00 18 18 00 00 22 00 12 36 24 48 00 00 00 00 00
00 00 00 00 00 00 23 00 00 00 24 24 24 FE 48 48
48 FE 48 48 48 00 00 24 00 00 10 38 54 54 50 30
18 14 14 54 54 38 10 10 25 00 00 00 44 A4 A8 A8
A8 54 1A 2A 2A 2A 44 00 00 26 00 00 00 30 48 48
48 50 6E A4 94 88 89 76 00 00 27 00 60 60 20 C0
00 00 00 00 00 00 00 00 00 00 00 28 00 02 04 08
08 10 10 10 10 10 10 08 08 04 02 00 29 00 40 20
10 10 08 08 08 08 08 08 10 10 20 40 00 2A 00 00
00 00 10 10 D6 38 38 D6 10 10 00 00 00 00 2B 00
00 00 00 10 10 10 10 FE 10 10 10 10 00 00 00 2C
00 00 00 00 00 00 00 00 00 00 00 00 60 60 20 C0
2D 00 00 00 00 00 00 00 00 7F 00 00 00 00 00 00
00 2E 00 00 00 00 00 00 00 00 00 00 00 00 60 60
00 00 2F 00 00 01 02 02 04 04 08 08 10 10 20 20
40 40 00 30 00 00 00 18 24 42 42 42 42 42 42 42
24 18 00 00 31 00 00 00 10 70 10 10 10 10 10 10
10 10 7C 00 00 32 00 00 00 3C 42 42 42 04 04 08
10 20 42 7E 00 00 33 00 00 00 3C 42 42 04 18 04
02 02 42 44 38 00 00 34 00 00 00 04 0C 14 24 24
44 44 7E 04 04 1E 00 00 35 00 00 00 7E 40 40 40
58 64 02 02 42 44 38 00 00 36 00 00 00 1C 24 40
40 58 64 42 42 42 24 18 00 00 37 00 00 00 7E 44
44 08 08 10 10 10 10 10 10 00 00 38 00 00 00 3C
42 42 42 24 18 24 42 42 42 3C 00 00 39 00 00 00
18 24 42 42 42 26 1A 02 02 24 38 00 00 3A 00 00
00 00 00 00 18 18 00 00 00 00 18 18 00 00 3B 00
00 00 00 00 00 00 10 00 00 00 00 00 10 10 20 3C
00 00 00 02 04 08 10 20 40 20 10 08 04 02 00 00
3D 00 00 00 00 00 00 FE 00 00 00 FE 00 00 00 00
00 3E 00 00 00 40 20 10 08 04 02 04 08 10 20 40
00 00 3F 00 00 00 3C 42 42 62 02 04 08 08 00 18
18 00 00 40 00 00 00 38 44 5A AA AA AA AA B4 42
44 38 00 00 41 00 00 00 10 10 18 28 28 24 3C 44
42 42 E7 00 00 42 00 00 00 F8 44 44 44 78 44 42
42 42 44 F8 00 00 43 00 00 00 3E 42 42 80 80 80
80 80 42 44 38 00 00 44 00 00 00 F8 44 42 42 42
42 42 42 42 44 F8 00 00 45 00 00 00 FC 42 48 48
78 48 48 40 42 42 FC 00 00 46 00 00 00 FC 42 48
48 78 48 48 40 40 40 E0 00 00 47 00 00 00 3C 44
44 80 80 80 8E 84 44 44 38 00 00 48 00 00 00 E7
42 42 42 42 7E 42 42 42 42 E7 00 00 49 00 00 00
7C 10 10 10 10 10 10 10 10 10 7C 00 00 4A 00 00
00 3E 08 08 08 08 08 08 08 08 08 08 88 F0 4B 00
00 00 EE 44 48 50 70 50 48 48 44 44 EE 00 00 4C
00 00 00 E0 40 40 40 40 40 40 40 40 42 FE 00 00
4D 00 00 00 EE 6C 6C 6C 6C 54 54 54 54 54 D6 00
00 4E 00 00 00 C7 62 62 52 52 4A 4A 4A 46 46 E2
00 00 4F 00 00 00 38 44 82 82 82 82 82 82 82 44
38 00 00 50 00 00 00 FC 42 42 42 42 7C 40 40 40
40 E0 00 00 51 00 00 00 38 44 82 82 82 82 82 B2
CA 4C 38 06 00 52 00 00 00 FC 42 42 42 7C 48 48
44 44 42 E3 00 00 53 00 00 00 3E 42 42 40 20 18
04 02 42 42 7C 00 00 54 00 00 00 FE 92 10 10 10
10 10 10 10 10 38 00 00 55 00 00 00 E7 42 42 42
42 42 42 42 42 42 3C 00 00 56 00 00 00 E7 42 42
44 24 24 28 28 18 10 10 00 00 57 00 00 00 D6 92
92 92 92 AA AA 6C 44 44 44 00 00 58 00 00 00 E7
42 24 24 18 18 18 24 24 42 E7 00 00 59 00 00 00
EE 44 44 28 28 10 10 10 10 10 38 00 00 5A 00 00
00 7E 84 04 08 08 10 20 20 42 42 FC 00 00 5B 00
1E 10 10 10 10 10 10 10 10 10 10 10 10 1E 00 5C
00 00 40 40 20 20 10 10 10 08 08 04 04 04 02 02
5D 00 78 08 08 08 08 08 08 08 08 08 08 08 08 78
00 5E 00 1C 22 00 00 00 00 00 00 00 00 00 00 00
00 00 5F 00 00 00 00 00 00 00 00 00 00 00 00 00
00 00 FF 60 00 60 10 00 00 00 00 00 00 00 00 00
00 00 00 00 61 00 00 00 00 00 00 00 3C 42 1E 22
42 42 3F 00 00 62 00 00 00 C0 40 40 40 58 64 42
42 42 64 58 00 00 63 00 00 00 00 00 00 00 1C 22
40 40 40 22 1C 00 00 64 00 00 00 06 02 02 02 1E
22 42 42 42 26 1B 00 00 65 00 00 00 00 00 00 00
3C 42 7E 40 40 42 3C 00 00 66 00 00 00 0F 11 10
10 7E 10 10 10 10 10 7C 00 00 67 00 00 00 00 00
00 00 3E 44 44 38 40 3C 42 42 3C 68 00 00 00 C0
40 40 40 5C 62 42 42 42 42 E7 00 00 69 00 00 00
30 30 00 00 70 10 10 10 10 10 7C 00 00 6A 00 00
00 0C 0C 00 00 1C 04 04 04 04 04 04 44 78 6B 00
00 00 C0 40 40 40 4E 48 50 68 48 44 EE 00 00 6C
00 00 00 70 10 10 10 10 10 10 10 10 10 7C 00 00
6D 00 00 00 00 00 00 00 FE 49 49 49 49 49 ED 00
00 6E 00 00 00 00 00 00 00 DC 62 42 42 42 42 E7
00 00 6F 00 00 00 00 00 00 00 3C 42 42 42 42 42
3C 00 00 70 00 00 00 00 00 00 00 D8 64 42 42 42
44 78 40 E0 71 00 00 00 00 00 00 00 1E 22 42 42
42 22 1E 02 07 72 00 00 00 00 00 00 00 EE 32 20
20 20 20 F8 00 00 73 00 00 00 00 00 00 00 3E 42
40 3C 02 42 7C 00 00 74 00 00 00 00 00 10 10 7C
10 10 10 10 10 0C 00 00 75 00 00 00 00 00 00 00
C6 42 42 42 42 46 3B 00 00 76 00 00 00 00 00 00
00 E7 42 24 24 28 10 10 00 00 77 00 00 00 00 00
00 00 D7 92 92 AA AA 44 44 00 00 78 00 00 00 00
00 00 00 6E 24 18 18 18 24 76 00 00 79 00 00 00
00 00 00 00 E7 42 24 24 28 18 10 10 E0 7A 00 00
00 00 00 00 00 7E 44 08 10 10 22 7E 00 00 7B 00
03 04 04 04 04 04 08 04 04 04 04 04 04 03 00 7C
08 08 08 08 08 08 08 08 08 08 08 08 08 08 08 08
7D 00 60 10 10 10 10 10 08 10 10 10 10 10 10 60
00 7E 30 4C 43 00 00 00 00 00 00 00 00 00 00 00
00 00 02 00 00 00 00 00 00 00 00 F8 08 08 08 08
08 08 08 03 08 08 08 08 08 08 08 08 0F 00 00 00
00 00 00 00 04 08 08 08 08 08 08 08 08 F8 00 00
00 00 00 00 00 05 08 08 08 08 08 08 08 08 08 08
08 08 08 08 08 08 06 00 00 00 00 00 00 00 00 FF
00 00 00 00 00 00 00 07 00 00 00 00 18 3C 7E 7E
7E 3C 18 00 00 00 00 00 08 FF FF FF FF E7 C3 81
81 81 C3 E7 FF FF FF FF FF 0B 00 00 1F 05 05 09
08 10 10 38 44 44 44 38 00 00 0C 00 00 1C 22 22
22 1C 08 08 7F 08 08 08 08 00 00 10 08 08 08 08
08 08 08 08 FF 08 08 08 08 08 08 08 11 00 00 01
03 07 0F 1F 3F 7F 3F 1F 0F 07 03 01 00 12 00 08
1C 2A 08 08 08 08 08 08 08 08 2A 1C 08 00 13 00
00 24 24 24 24 24 24 24 24 24 00 00 24 24 00 14
00 00 1F 25 45 45 45 25 1D 05 05 05 05 05 00 00
15 08 08 08 08 08 08 08 08 FF 00 00 00 00 00 00
00 16 00 00 00 00 00 00 00 00 FF 08 08 08 08 08
08 08 17 08 08 08 08 08 08 08 08 F8 08 08 08 08
08 08 08 18 00 08 1C 2A 08 08 08 08 08 08 08 08
08 08 08 00 19 08 08 08 08 08 08 08 08 0F 08 08
08 08 08 08 08 1A 00 00 00 00 00 00 04 02 7F 02
04 00 00 00 00 00 1B 00 00 00 00 00 00 10 20 7F
20 10 00 00 00 00 00 00 00 00 01 00 00 00 00 00
00 00 00 00 00 00 00 00 00 00 02 00 00 00 00 00
00 00 02 00 00 00 00 00 00 00 04 00 00 00 00 00
00 00 0C 00 00 00 00 00 00 00 18 00 00 00 00 00
00 00 18 00 00 00 00 00 00 00 30 20 00 00 00 00
00 00 70 10 00 00 00 00 00 00 E0 10 00 00 00 00
00 00 E0 08 00 00 00 00 00 01 E0 0C 00 00 00 00
00 01 C0 06 00 00 00 00 00 03 C0 06 00 00 00 00
00 03 C0 07 00 00 00 00 00 03 C0 03 00 00 00 00
00 03 C0 03 00 00 00 00 00 03 E0 03 80 00 00 00
00 03 F0 03 80 00 00 00 00 03 F8 03 80 00 00 00
00 01 FE 07 80 00 00 00 00 01 FE 07 80 00 00 00
00 04 FF 07 80 00 00 00 00 04 7F 0F 80 00 00 00
00 00 3E 1F 80 00 00 00 00 00 0C 3F 00 00 00 00
00 06 00 7F 00 00 00 00 00 06 01 FE 00 00 00 00
00 00 C3 FE 00 00 00 00 00 01 E7 FC 00 00 00 00
00 01 E7 F8 00 00 00 00 00 00 C3 F0 00 00 00 00
00 00 01 C0 00 00 00 00 00 00 00 00 00 00 00 00
00 00 00 00 00 00 00 00 00 00 00 00 00 00 00 00
03 C1 E1 84 4F 00 00 00 02 00 22 46 48 00 00 00
02 00 44 26 48 00 00 00 03 C0 44 25 4F 00 00 00
02 1C 84 25 48 00 00 00 02 01 02 44 C8 00 00 00
03 C1 E1 84 4F 00 00 00 00 00 00 00 00 00 00 00
00 00 00 00 00 00 00 00 00 00 00 00 00 00 00 00
00 00 00 00 00 00 00 00 00 00 00 00 00 00 00 00
00 00 00 00 00 00 00 04 00 08 00 01 FC 07 FC FF
E1 FF C0 01 04 04 84 04 00 00 00 01 FC 05 E4 7F
C0 7F 00 01 04 04 84 51 40 41 01 81 FC 07 F4 4A
40 41 03 C0 80 04 04 5F 40 7F 03 C1 FE 05 E4 44
40 2A 01 86 4A 05 24 5F 40 49 00 00 92 09 E4 44
40 88 80 03 22 08 04 45 C1 38 80 00 CC 10 0C 00
80 00 80 20 84 11 88 06 60 08 10 08 10 10 08 F0
0F 08 10 08 10 06 60 11 88 20 84 00 80 00 80 00
08 00 90 01 A0 02 88 04 90 1C A0 14 80 14 B8 14
80 14 A0 1C 90 04 88 02 A0 01 90 00 88 00 04 01
80 01 C0 7F F0 7F FC 7F FE 7F FC 7F F0 01 C0 01
80 01 80 03 80 0F FE 3F FE 7F FE 3F FE 0F FE 03
80 01 80 52 54 43 20 45 52 52 4F 52 00 45 52 4F
4D 20 45 52 52 4F 52 00 46 6C 61 73 68 20 45 52
52 4F 52 00 31 40 00 0A 3C 40 00 02 3D 40 02 03
B0 12 8A 71 B0 12 46 62 B0 12 50 73 3E 40 13 2A
7D 40 1E 00 7C 40 05 00 B0 12 AC 41 30 40 26 3B
0A 12 0B 12 08 12 09 12 06 12 07 12 31 80 10 00
46 4C 4A 4D 0C 41 0C 53 3E 40 0F 00 B0 12 4E 72
49 43 0B 43 08 41 08 53 5E 41 23 00 5E 53 4E 12
5D 41 24 00 1E 41 20 00 1F 41 22 00 0C 48 B0 12
18 3E 47 4C 21 53 1F 41 24 00 0F 59 6E 4F 4E 93
0A 24 4C 4C 0F 48 0F 5C CF 4E 00 00 5C 53 59 53
79 90 0A 00 F0 2B 3C 40 00 80 4E 4B B0 12 40 72
0F 4C 0E 48 4D 4A 4C 46 B0 12 AC 41 B0 12 5C 6D
0F 48 0F 5B 5E 42 C2 02 7E 80 3B 00 5F 24 7E 80
20 00 1E 24 7E 80 10 00 4C 24 7E 82 06 24 7E 80
06 00 1E 24 5E 83 35 24 10 3C 6E 4F 7E 90 2B 00
1B 24 7E 90 2D 00 1F 24 DF 53 00 00 FF 90 3A 00
00 00 03 28 FF 40 30 00 00 00 B0 12 F2 70 CB 2B
1C 41 1E 00 1D 41 20 00 31 50 10 00 30 40 A0 71
6E 4F 7E 90 2B 00 04 20 FF 40 2D 00 00 00 ED 3F
7E 90 2D 00 04 20 FF 40 2B 00 00 00 E6 3F FF 53
00 00 FF 90 30 00 00 00 E0 2F FF 40 39 00 00 00
DC 3F 1B 53 0F 48 0F 5B 6E 4F 7E 90 2E 00 02 20
1B 53 D3 3F 7E 50 D0 00 7E 90 0A 00 CE 2B 0B 43
CC 3F 3B 53 0B 93 03 34 4B 47 3B 53 C6 3F 0F 48
0F 5B FF 90 2E 00 00 00 C0 23 F7 3F 0C 48 B0 12
66 3D 81 4C 1E 00 81 4D 20 00 03 12 43 12 7F 40
10 00 4E 4F 4D 4A 4C 46 B0 12 CA 43 1E 41 2A 00
1F 41 2C 00 21 52 1F 91 20 00 04 38 08 20 1E 91
1E 00 05 2C 81 4E 1E 00 81 4F 20 00 A1 3F 1E 41
2A 00 1F 41 2C 00 81 9F 20 00 F4 3B 99 23 81 9E
1E 00 96 2F EF 3F 31 80 10 00 0C 41 0C 53 3E 40
76 11 3D 42 B0 12 2E 72 5E 42 B0 02 0F 43 81 4E
00 00 81 43 02 00 3E 40 37 29 7D 42 6C 42 B0 12
AC 41 03 12 73 12 5F 43 7E 40 0C 00 7D 40 31 00
6C 43 B0 12 CA 43 3F 40 10 00 11 12 14 00 2F 83
FC 23 7D 40 20 00 7C 40 06 00 B0 12 C0 35 C2 4C
B0 02 4E 43 7D 40 0D 00 B0 12 2A 50 31 50 24 00
30 41 0A 12 0B 12 08 12 09 12 5A 43 B0 12 A2 3A
3B 40 38 43 78 40 20 00 39 40 08 2A 03 12 09 12
53 12 48 12 5E 42 BC 02 0F 43 7D 42 7C 40 05 00
8B 12 03 12 09 12 53 12 48 12 5E 42 BD 02 0F 43
7D 40 18 00 7C 40 05 00 8B 12 03 12 09 12 53 12
48 12 5E 42 BE 02 0F 43 7D 40 28 00 7C 40 05 00
8B 12 03 12 09 12 53 12 48 12 5E 42 BF 02 0F 43
7D 42 7C 40 0D 00 8B 12 03 12 09 12 53 12 48 12
5E 42 C0 02 0F 43 7D 40 18 00 7C 40 0D 00 8B 12
03 12 09 12 53 12 48 12 5E 42 C1 02 0F 43 7D 40
28 00 7C 40 0D 00 8B 12 31 50 30 00 5B 43 48 4B
08 58 0F 48 08 58 08 58 08 5F 4B 9A 03 20 3F 40
00 C0 01 3C 0F 43 1E 48 D0 11 5D 48 CE 11 5C 48
CD 11 B0 12 AC 41 5B 53 7B 90 07 00 E8 2B B0 12
26 3B 0E 24 7E 80 20 00 34 24 7E 80 10 00 22 24
7E 82 1B 24 7E 80 06 00 12 24 5E 83 1B 24 21 3C
4F 4A 0F 5F 0B 4F 0F 5F 0F 5F 0F 5B 5E 4F D3 11
5D 4F D2 11 5C 4F CC 11 9F 12 D4 11 12 3C 5A 53
7A 90 07 00 0E 28 5A 43 0C 3C 7A 53 0A 20 7A 40
06 00 07 3C 6A 92 03 28 7A 50 FD 00 02 3C 7A 50
03 00 B0 12 F2 70 B2 2B 03 12 43 12 B0 12 1E 72
21 52 30 40 A4 71 0A 12 0B 12 08 12 09 12 06 12
07 12 04 12 05 12 4C 12 4D 12 4E 12 B0 12 A2 3A
5E 41 04 00 6E 83 31 24 5E 83 29 24 5E 83 21 24
5E 83 10 24 6E 83 08 24 5E 83 2C 20 7B 40 63 00
46 43 58 42 BC 02 26 3C 7B 40 0C 00 56 43 58 42
BD 02 20 3C 12 12 C0 02 12 12 BE 02 12 12 BC 02
B0 12 E4 66 4B 4C 56 43 58 42 BE 02 31 50 06 00
11 3C 7B 40 17 00 46 43 58 42 BF 02 0B 3C 7B 40
3B 00 46 43 58 42 C0 02 05 3C 7B 40 3B 00 46 43
58 42 C1 02 4A 48 59 43 77 40 0A 00 05 3C 59 93
03 24 3F 40 00 40 02 3C 3F 40 00 80 4B 9A 02 2C
4A 46 03 3C 4A 96 01 2C 4A 4B 0F 12 30 12 08 2A
53 12 70 12 20 00 0E 4A B0 12 AA 3A B0 12 E0 72
31 52 7E 80 3B 00 0E 24 7E 80 20 00 24 24 7E 80
10 00 3F 24 7E 82 2A 24 7E 80 06 00 2D 24 5E 83
3C 24 40 3C 4C 4A 4E 47 B0 12 5C 6F B0 12 64 72
4B 4C 4C 4A 4E 47 B0 12 5C 6F 4B 5E 4D 4B 5C 41
04 00 B0 12 E0 4C 03 12 30 12 08 2A 53 12 70 12
20 00 0E 4A 07 3C 03 12 30 12 08 2A 53 12 70 12
20 00 4E 48 B0 12 AA 3A 31 52 1F 3C 59 93 02 20
4A 57 18 3C 5A 53 16 3C 4A 93 04 24 59 93 07 20
4A 97 02 2C 4A 4B 0E 3C 7A 50 F6 00 0B 3C 7A 53
09 3C 79 53 07 20 69 43 05 3C 59 53 79 90 03 00
01 28 59 43 B0 12 F2 70 92 2B 31 50 06 00 30 40
9C 71 3C 40 BC 02 30 40 14 4E 0F 43 5D 41 0A 00
5C 41 0C 00 30 40 38 43 31 80 10 00 0C 41 0C 53
3E 40 66 11 3D 42 B0 12 2E 72 0F 43 3E 40 FF 29
7D 40 10 00 6C 42 B0 12 AC 41 B1 40 7F 96 08 00
B1 40 98 00 0A 00 81 43 0C 00 81 43 0E 00 3F 40
10 00 11 12 10 00 2F 83 FC 23 7D 40 20 00 7C 40
05 00 B0 12 C0 35 31 50 10 00 B0 12 F2 70 07 2C
3C 90 07 B2 04 20 1D 93 02 20 6C 43 01 3C 4C 43
31 50 10 00 30 41 B0 12 5C 6D 5E 42 C2 02 7E 80
3B 00 30 41 0A 12 0B 12 08 12 09 12 06 12 07 12
04 12 0B 4C 4A 4D 48 43 49 4E 89 11 46 4F 86 11
57 41 10 00 4E 4A 0F 4E 0F 5F 0D 4F 0F 5F 0F 5F
0F 5D 0D 4B 0D 5F 04 4D 14 53 2D 53 4C 48 B0 12
64 72 57 93 04 20 06 9E 12 24 0F 43 11 3C 09 9E
0C 20 0F 43 0E 49 0E 5E 0D 4E 0E 5E 0E 5E 0E 5D
0D 4B 0D 5E 1E 4D 02 00 04 3C 06 9E 06 20 3F 43
2E 4D 4D 4C 6C 44 B0 12 AC 41 58 53 5A 53 6A 9B
02 24 68 92 CF 2B 30 40 9E 71 0A 12 0B 12 08 12
09 12 06 12 07 12 04 12 05 12 31 80 06 00 0C 41
0C 53 3E 40 05 00 B0 12 4E 72 4B 43 4A 43 45 43
49 43 38 40 86 11 34 40 CA 43 77 40 10 00 76 40
40 00 03 12 43 12 B0 12 12 73 21 52 53 12 4F 4A
4E 45 4D 49 0C 48 B0 12 34 3B B0 12 E0 72 21 53
7E 80 3B 00 35 24 7E 80 20 00 25 24 7E 80 18 00
04 24 7E 80 06 00 14 24 4F 3C 45 4A 7A 53 4A 93
06 34 6E 48 4A 4E 7A 53 7E 90 05 00 12 3C 4C 4A
8C 11 1C 53 2E 42 B0 12 84 6A 0E 93 3D 20 37 3C
45 4A 5A 53 6F 48 8A 11 0A 9F 36 38 4A 43 7F 90
05 00 32 28 2C 3C 38 90 86 11 4D 24 1F 48 08 00
0F 93 2A 24 08 4F 7B 53 4F 4B 0F 51 6A 4F 1F 3C
4F 4A 8F 11 0F 5F 0E 4F 0F 5F 0F 5F 0F 5E 09 48
09 5F 89 93 04 00 08 24 03 12 43 12 B0 12 12 73
99 12 04 00 21 52 0B 3C 1F 49 06 00 0F 93 07 24
08 4F 4F 4B 0F 51 CF 4A 00 00 5B 53 4A 43 03 12
43 12 B0 12 12 73 21 52 4C 4A 6E 42 B0 12 80 6A
49 4A 49 8E 4C 4A 8C 11 85 11 0C 55 3E 42 B0 12
84 6A 3E 90 07 00 05 20 03 12 43 12 B0 12 12 73
21 52 C2 B7 99 02 82 2B C2 C7 99 02 03 12 43 12
B0 12 12 73 21 52 C9 3E 3B 41 3A 41 30 41 F1 90
64 00 02 00 18 2C 5E 41 03 00 7E 53 7E 90 0C 00
12 2C 5E 41 04 00 7E 53 7E 90 1F 00 0C 2C F1 90
18 00 05 00 08 2C F1 90 3C 00 06 00 04 2C F1 90
3C 00 07 00 02 28 4C 43 30 41 5C 43 30 41 0F 43
7E 4C 4E 93 02 20 0C 4F 30 41 1F 53 3F 90 FA FF
F7 2B 0C 43 30 41 0A 12 0B 12 08 12 09 12 06 12
07 12 04 12 05 12 05 4C 18 43 09 43 0A 43 0B 43
B0 12 4E 3D 46 4C 77 40 0A 00 4E 47 76 53 0F 45
0F 56 6F 4F 7F 50 D0 00 4F 97 04 28 46 93 02 24
7E 53 F4 23 44 47 0F 45 0F 56 6C 4F 4E 4C 7E 50
D0 00 4E 97 25 2C 3C F0 0F 00 0D 4C 3D E3 0D 5D
0D 7D 0E 48 0F 49 B0 12 A8 6B 0A 5C 0B 6D 0C 48
0D 49 0E 47 0F 43 B0 12 A8 6B 08 4C 09 4D 46 93
03 24 76 53 74 53 DF 23 F5 90 2D 00 00 00 04 20
3A E3 3B E3 1A 53 0B 63 0C 4A 0D 4B 30 40 9C 71
7C 90 2B 00 EC 27 7C 90 2D 00 E9 27 7C 90 2E 00
E6 27 0C 43 0D 43 F2 3F 0A 12 0B 12 08 12 09 12
06 12 07 12 04 12 05 12 0C 12 4D 12 31 80 1A 00
04 4E 05 4F 0C 41 3C 50 0C 00 3E 40 0E 00 B0 12
4E 72 C1 43 02 00 1A 43 0B 43 48 43 46 43 4D 93
1F 24 4C 4D B0 12 D6 70 C1 4C 01 00 7C 90 0A 00
17 2C 4E 4D 7E F0 0F 00 C1 4E 00 00 7E 90 0A 00
0F 2C 49 4C 07 3C 0C 4A 0D 4B B0 12 28 40 0A 4C
0B 4D 79 53 49 93 F7 23 F1 90 09 00 00 00 02 28
4C 43 BA 3C 05 93 06 34 34 E3 35 E3 14 53 05 63
D1 43 02 00 0B 12 0A 12 0E 44 0F 45 0C 41 3C 52
B0 12 08 6D B0 12 10 40 07 41 37 50 10 00 21 52
04 47 04 59 5E 41 01 00 5F 41 1A 00 3F F0 0F 00
0F 59 0E 9F 07 20 C1 93 00 00 1A 24 F4 40 2E 00
00 00 16 3C 0B 12 0A 12 1E 41 0C 00 1F 41 0E 00
0C 41 3C 52 B0 12 08 6D B0 12 10 40 5F 41 08 00
D4 4F 42 2A 00 00 21 52 0F 4C 0F DD 0F 93 04 24
59 53 79 90 0B 00 D4 2B 49 43 0F 47 0F 59 6E 4F
4E 93 06 24 7E 90 30 00 05 24 7E 90 2E 00 06 20
79 53 04 3C 59 53 79 90 0B 00 EF 2B 5E 41 30 00
6E B2 1B 28 49 93 19 24 0F 47 0F 58 FF 40 20 00
00 00 58 53 48 99 F8 2B 78 53 0F 47 0F 58 D1 B3
02 00 04 28 FF 40 2D 00 00 00 05 3C 6E B3 03 28
FF 40 2B 00 00 00 48 43 11 3C D1 B3 02 00 06 28
1F 41 1C 00 FF 40 2D 00 00 00 07 3C 6E B3 06 28
1F 41 1C 00 FF 40 2B 00 00 00 58 43 7E B2 20 28
C1 93 00 00 1D 24 0F 47 0F 56 CF 93 00 00 04 24
56 53 76 90 0E 00 F7 2B 76 90 0D 00 11 2C 02 3C
CF 43 00 00 76 53 46 93 0B 24 0F 47 0F 56 6D 4F
7D 90 30 00 F5 27 7D 90 2E 00 02 20 CF 43 00 00
7E B0 05 00 01 24 49 43 0F 47 0F 59 6E 4F 1F 41
1C 00 0F 58 CF 4E 00 00 59 53 4E 93 04 24 58 53
78 90 0C 00 F1 2B 4C 48 31 50 1E 00 30 40 9C 71
0C 4A 0D 4B B0 12 1E 40 0A 4C 0B 4D 30 41 3E 40
0A 00 0F 43 30 40 14 6A 3E 40 0A 00 0F 43 30 40
A8 6B B0 12 5A 40 0F 2C 4E 4D B0 12 5C 40 0B 2C
7C F0 0F 00 4C 5C 4E 4C 4C 5C 4C 5C 4C 5E 7D F0
0F 00 4C 5D 30 41 4C 43 30 41 4E 4C 7E 50 D0 00
7E 90 0A 00 30 41 4E 4C 4C 4E B0 12 D6 70 4C 5C
4F 4C 4C 5C 4C 5C 4C 5F 7E F0 0F 00 4C 5E 30 41
0A 12 0B 12 4A 4C 7C 90 64 00 02 28 4C 43 0E 3C
7E 40 0A 00 B0 12 5C 6F B0 12 64 72 4B 4C 4C 4A
7E 40 0A 00 B0 12 5C 6F 4B 5E 4C 4B 30 40 08 3D
0A 12 0B 12 08 12 09 12 06 12 07 12 04 12 05 12
0E 12 21 83 45 4C B0 12 DC 42 3B 40 FE 6D 38 40
E2 65 B0 12 EE 42 55 B3 0B 28 B0 12 D4 42 49 4C
B0 12 EE 42 4C 49 B0 12 90 65 4C 43 B0 12 90 65
B0 12 FA 42 49 43 16 41 02 00 06 59 C6 93 00 00
43 24 6C 46 8B 12 47 4A 37 50 52 2A B0 12 A4 41
0C 5F 0F 47 0F 5C 1F 53 4E 49 7E F0 03 00 05 24
5E 83 0D 24 5E 83 18 24 2B 3C 64 4F 5C 46 01 00
4C 93 23 24 B0 12 94 41 B0 12 CE 70 0B 3C 64 4F
44 54 44 54 5C 46 01 00 4C 93 17 24 B0 12 94 41
B0 12 D6 70 44 DC 11 3C 6C 4F B0 12 64 72 44 4C
5C 46 01 00 4C 93 09 24 B0 12 A2 41 0C 5F 07 5C
5E 47 01 00 0E 11 4E 11 44 DE 4C 44 B0 12 90 65
59 53 79 90 15 00 B7 2B 5A 53 7A 92 A2 2B 21 52
30 40 9C 71 B0 12 A2 41 0C 5F 07 5C 5C 47 01 00
30 41 8B 12 4C 4C 0F 4C 30 40 64 72 0A 12 0B 12
08 12 09 12 06 12 07 12 04 12 05 12 4C 12 0E 12
0F 12 21 83 B0 12 DC 42 3B 40 90 65 38 40 E2 65
17 41 04 00 79 40 10 00 59 81 06 00 B0 12 EE 42
D1 B3 06 00 07 28 B0 12 D4 42 46 4C B0 12 EE 42
4C 46 8B 12 B0 12 FA 42 46 43 45 4A 04 3C 4C 4F
8B 12 56 53 17 53 46 99 59 2C 6D 47 4D 93 56 24
B0 12 CA 42 0F 4C 3F F0 00 80 7D 90 80 00 1C 2C
4E 43 4C 4E 04 4C B0 12 64 72 0C 54 CC 9D 62 2B
04 24 5E 53 7E 90 75 00 F4 2B 7E 90 75 00 01 28
4E 43 4C 4E B0 12 64 72 0C 5E 0C 55 5C 4C 63 2B
0F 93 D6 27 7C E3 D4 3F 17 53 8D 10 6E 47 0D 5E
4E 43 4C 4E 0C 5C 04 4C B0 12 64 72 0C 54 8C 9D
54 12 04 24 5E 53 7E 90 A1 00 F3 2B 7E 90 A1 00
01 28 4E 43 4C 4E 0C 5C 0E 4C B0 12 64 72 0C 5E
04 45 04 5C 34 50 54 12 5C 44 02 00 0F 93 01 24
7C E3 8B 12 56 53 46 99 09 2C 5F 44 12 00 B0 12
CA 42 3C B0 00 80 A3 27 7F E3 A1 3F 5A 53 7A 90
10 00 86 2B 31 52 30 40 9C 71 1C 41 04 00 4E 46
30 40 B2 72 B0 12 B0 65 30 40 B0 65 0F 41 2F 53
0E 41 3E 50 03 00 B0 12 E8 65 4A 43 30 41 5C 41
02 00 88 12 5C 41 03 00 00 48 5E 41 02 00 5E 53
C1 4E 02 00 7E 90 A0 00 09 28 5E 41 03 00 7E 82
C1 4E 03 00 F1 40 80 00 02 00 30 41 7E 90 90 00
0A 28 F1 90 90 00 03 00 06 2C 5E 41 03 00 7E 50
10 00 C1 4E 03 00 30 41 0A 12 0B 12 08 12 09 12
06 12 07 12 04 12 31 80 10 00 44 4C 47 4D 0A 4E
0B 4F 5D 41 20 00 5F 41 22 00 16 41 26 00 B0 12
9C 43 4F 12 B0 12 92 43 1B 41 26 00 21 53 0F 4B
0F 58 6E 4F 4E 93 03 24 B0 12 B0 43 F8 2B 0F 46
0E 49 4D 47 4C 44 B0 12 AC 41 31 50 10 00 30 40
9E 71 0E 4A 0F 4B 0C 49 30 40 18 3E 0C 41 2C 53
3E 40 10 00 B0 12 4E 72 48 43 09 41 29 53 30 41
7C 90 10 00 06 2C 4C 4C 0F 49 0F 5C CF 4E 00 00
5C 53 58 53 78 90 0A 00 30 41 0A 12 0B 12 08 12
09 12 06 12 07 12 04 12 05 12 4E 12 21 83 4A 4C
45 4F 0F 41 0F 53 0E 41 1E 53 B0 12 E8 65 47 43
3B 40 90 65 38 40 E2 65 59 41 16 00 16 41 18 00
01 3C 57 53 47 95 1E 2C B0 12 EE 42 5A B3 07 28
B0 12 D4 42 44 4C B0 12 EE 42 4C 44 8B 12 B0 12
FA 42 44 43 03 3C 4C 49 8B 12 54 53 54 91 02 00
E8 2F 06 93 F8 27 6C 46 59 93 01 20 7C E3 8B 12
16 53 F3 3F A4 3E 0A 12 0B 12 5A 43 7B 40 90 00
B0 12 94 44 5A 93 04 20 F2 C0 10 00 35 00 0C 3C
6A 93 04 20 F2 C0 80 00 35 00 06 3C 7A 90 03 00
03 20 F2 C0 80 00 21 00 4C 4A B0 12 4C 6A B0 12
30 45 5A 53 6A 92 E4 2B B0 12 94 44 5C 43 3B 41
3A 41 30 41 C2 DB 36 00 C2 DB 35 00 F2 D0 80 00
22 00 F2 D0 80 00 21 00 30 41 0A 12 E2 92 4E 02
24 20 3A 40 18 5B B0 12 0A 4F 4C 93 03 24 3D 40
F8 27 02 3C 3D 40 03 28 4C 43 8A 12 5C 43 B0 12
AE 6D 4C 93 03 24 3D 40 30 28 02 3C 3D 40 3D 28
4C 43 8A 12 B0 12 7A 6B 4C 93 03 24 3D 40 4A 28
02 3C 3D 40 56 28 4C 43 8A 12 5C 43 3A 41 30 41
3D 40 22 28 B0 12 2A 45 B0 12 48 73 5C 43 30 41
E2 92 4E 02 08 20 3D 40 17 28 B0 12 2A 45 B0 12
30 45 82 43 20 01 4C 43 30 41 4C 43 30 40 18 5B
3F 40 7E 96 3E 40 98 00 3F 53 3E 63 FD 2F 30 41
D2 93 4E 02 11 20 1F 42 50 02 6E 4F 7E 90 30 00
04 20 C2 43 52 02 5C 43 30 41 7E 90 31 00 04 20
D2 43 52 02 5C 43 30 41 4C 43 30 41 0A 12 0B 12
31 80 1A 00 0C 41 3C 50 06 00 3E 40 E4 27 3D 40
14 00 B0 12 CE 71 5E 42 4E 02 3A 40 18 5B 6E 92
0F 20 B0 12 0A 4F 4C 93 08 24 3D 40 F8 27 4C 43
8A 12 5C 43 31 50 1A 00 72 3F 3D 40 03 28 F7 3F
7E 90 03 00 62 20 3C 40 BC 02 B0 12 14 4E 7B 40
0A 00 5C 42 BC 02 B0 12 D6 72 D1 4C 42 2A 08 00
5C 42 BC 02 B0 12 1C 73 D1 4E 42 2A 09 00 5C 42
BD 02 B0 12 D6 72 D1 4C 42 2A 0B 00 5C 42 BD 02
B0 12 1C 73 D1 4E 42 2A 0C 00 5C 42 BE 02 B0 12
D6 72 D1 4C 42 2A 0E 00 5C 42 BE 02 B0 12 1C 73
D1 4E 42 2A 0F 00 5C 42 BF 02 B0 12 D6 72 D1 4C
42 2A 11 00 5C 42 BF 02 B0 12 1C 73 D1 4E 42 2A
12 00 5C 42 C0 02 B0 12 D6 72 D1 4C 42 2A 14 00
5C 42 C0 02 B0 12 1C 73 D1 4E 42 2A 15 00 5C 42
C1 02 B0 12 D6 72 D1 4C 42 2A 17 00 5C 42 C1 02
B0 12 1C 73 D1 4E 42 2A 18 00 3D 40 0E 28 4C 43
8A 12 0D 41 3D 50 06 00 92 3F 5E 93 92 23 0C 41
0C 53 3E 40 06 00 B0 12 4E 72 3B 40 50 02 2F 4B
DF 91 06 00 00 00 58 20 5E 43 4D 4E 0A 4F 0A 5D
0D 51 DA 9D 06 00 00 00 4F 20 7E 50 03 00 7E 90
11 00 F3 2B 3A 40 32 40 5D 4F 03 00 5C 4F 02 00
8A 12 C1 4C 00 00 2F 4B 5D 4F 06 00 5C 4F 05 00
8A 12 C1 4C 01 00 2F 4B 5D 4F 09 00 5C 4F 08 00
8A 12 C1 4C 02 00 2F 4B 5D 4F 0C 00 5C 4F 0B 00
8A 12 C1 4C 03 00 2F 4B 5D 4F 0F 00 5C 4F 0E 00
8A 12 C1 4C 04 00 2F 4B 5D 4F 12 00 5C 4F 11 00
8A 12 C1 4C 05 00 11 12 06 00 11 12 06 00 11 12
06 00 B0 12 0E 3D 31 50 06 00 4C 93 0D 24 3C 40
BC 02 0E 41 0E 53 3D 40 06 00 B0 12 CE 71 3C 40
BC 02 B0 12 12 4D 2D 3F 4C 43 2C 3F 5E 42 C9 02
C2 4E C7 02 7F 40 03 00 82 93 54 02 08 24 92 92
54 02 9A 02 04 28 F2 40 0B 00 C8 02 68 3C 82 93
90 02 08 24 92 92 90 02 AE 02 04 28 F2 40 0A 00
C8 02 5D 3C 82 93 8A 02 08 24 92 92 8A 02 AC 02
04 28 F2 40 09 00 C8 02 52 3C 82 93 84 02 07 24
92 92 84 02 AA 02 03 28 F2 42 C8 02 48 3C 82 93
7E 02 08 24 92 92 7E 02 A8 02 04 28 F2 40 07 00
C8 02 3D 3C 82 93 78 02 08 24 92 92 78 02 A6 02
04 28 F2 40 06 00 C8 02 32 3C 82 93 72 02 08 24
92 92 72 02 A4 02 04 28 F2 40 05 00 C8 02 27 3C
82 93 6C 02 07 24 92 92 6C 02 A2 02 03 28 E2 42
C8 02 1D 3C 82 93 66 02 07 24 92 92 66 02 A0 02
03 28 C2 4F C8 02 13 3C 82 93 60 02 07 24 92 92
60 02 9E 02 03 28 E2 43 C8 02 09 3C 82 93 5A 02
09 24 92 92 5A 02 9C 02 05 28 D2 43 C8 02 C2 4F
C9 02 EB 3C 82 93 56 02 08 24 92 92 56 02 9A 02
04 28 F2 40 0B 00 C8 02 68 3C 82 93 92 02 08 24
92 92 92 02 AE 02 04 28 F2 40 0A 00 C8 02 5D 3C
82 93 8C 02 08 24 92 92 8C 02 AC 02 04 28 F2 40
09 00 C8 02 52 3C 82 93 86 02 07 24 92 92 86 02
AA 02 03 28 F2 42 C8 02 48 3C 82 93 80 02 08 24
92 92 80 02 A8 02 04 28 F2 40 07 00 C8 02 3D 3C
82 93 7A 02 08 24 92 92 7A 02 A6 02 04 28 F2 40
06 00 C8 02 32 3C 82 93 74 02 08 24 92 92 74 02
A4 02 04 28 F2 40 05 00 C8 02 27 3C 82 93 6E 02
07 24 92 92 6E 02 A2 02 03 28 E2 42 C8 02 1D 3C
82 93 68 02 07 24 92 92 68 02 A0 02 03 28 C2 4F
C8 02 13 3C 82 93 62 02 07 24 92 92 62 02 9E 02
03 28 E2 43 C8 02 09 3C 82 93 5C 02 09 24 92 92
5C 02 9C 02 05 28 D2 43 C8 02 E2 43 C9 02 75 3C
82 93 58 02 08 24 92 92 58 02 9A 02 04 28 F2 40
0B 00 C8 02 68 3C 82 93 94 02 08 24 92 92 94 02
AE 02 04 28 F2 40 0A 00 C8 02 5D 3C 82 93 8E 02
08 24 92 92 8E 02 AC 02 04 28 F2 40 09 00 C8 02
52 3C 82 93 88 02 07 24 92 92 88 02 AA 02 03 28
F2 42 C8 02 48 3C 82 93 82 02 08 24 92 92 82 02
A8 02 04 28 F2 40 07 00 C8 02 3D 3C 82 93 7C 02
08 24 92 92 7C 02 A6 02 04 28 F2 40 06 00 C8 02
32 3C 82 93 76 02 08 24 92 92 76 02 A4 02 04 28
F2 40 05 00 C8 02 27 3C 82 93 70 02 07 24 92 92
70 02 A2 02 03 28 E2 42 C8 02 1D 3C 82 93 6A 02
07 24 92 92 6A 02 A0 02 03 28 C2 4F C8 02 13 3C
82 93 64 02 07 24 92 92 64 02 9E 02 03 28 E2 43
C8 02 09 3C 82 93 5E 02 08 24 92 92 5E 02 9C 02
04 28 D2 43 C8 02 D2 43 C9 02 4C 93 05 24 5E 92
C9 02 02 2C B0 12 04 6C 30 41 0A 12 0B 12 08 12
09 12 06 12 07 12 04 12 05 12 31 80 10 00 49 43
5A 43 0C 41 0C 53 3E 40 56 11 3D 42 B0 12 2E 72
75 40 10 00 03 12 43 12 7F 40 40 00 4E 45 4D 43
4C 43 B0 12 CA 43 3B 40 AC 41 78 40 03 00 21 52
30 12 61 35 43 12 7F 40 09 00 6E 43 5D 43 4C 43
B0 12 CA 43 30 12 4F 35 43 12 7F 40 09 00 6E 43
5D 43 7C 40 0E 00 B0 12 CA 43 4E 49 31 52 8E 11
3E 90 0B 00 3C 2C 0E 5E 10 4E AC 4A C2 4A CA 4A
D2 4A DA 4A E2 4A EA 4A F2 4A FA 4A 02 4B 0A 4B
12 4B 0F 43 3E 40 69 29 27 3C 0F 43 3E 40 74 29
23 3C 0F 43 3E 40 7F 29 1F 3C 0F 43 3E 40 8A 29
1B 3C 0F 43 3E 40 95 29 17 3C 0F 43 3E 40 A0 29
13 3C 0F 43 3E 40 AB 29 0F 3C 0F 43 3E 40 B6 29
0B 3C 0F 43 3E 40 C1 29 07 3C 0F 43 3E 40 CC 29
03 3C 0F 43 3E 40 D7 29 4D 43 4C 48 8B 12 0F 43
3E 40 E2 29 4D 45 4C 43 8B 12 0F 43 3E 40 EB 29
7D 40 20 00 4C 43 8B 12 0F 43 3E 40 F4 29 7D 40
30 00 4C 43 8B 12 4E 4A 5E 83 05 24 5E 83 08 24
5E 83 0C 24 12 3C 3F 43 3E 40 E2 29 4D 45 0B 3C
3F 43 3E 40 EB 29 7D 40 20 00 05 3C 3F 43 3E 40
F4 29 7D 40 30 00 4C 43 8B 12 44 49 04 54 0F 44
04 54 04 5F 06 44 36 50 12 12 27 46 03 12 30 12
66 29 70 12 04 00 70 12 51 00 2E 47 0F 43 4D 45
7C 42 B0 12 38 43 03 12 30 12 66 29 70 12 04 00
70 12 51 00 1E 47 02 00 0F 43 7D 40 20 00 7C 42
B0 12 38 43 03 12 30 12 66 29 70 12 04 00 70 12
51 00 1E 47 04 00 0F 43 7D 40 30 00 7C 42 B0 12
38 43 B0 12 E0 72 31 50 18 00 7E 80 3B 00 23 24
7E 80 20 00 72 24 4E 85 17 24 7E 82 06 24 7E 80
06 00 07 24 5E 83 0A 24 65 3C 7A 53 63 20 4A 48
61 3C 5A 53 6A 92 5E 28 5A 43 5C 3C 59 53 79 90
0B 00 58 28 49 43 56 3C 49 93 03 20 79 40 0A 00
51 3C 79 53 4F 3C 5A 93 15 20 A1 47 00 00 81 43
02 00 0F 45 11 12 10 00 2F 83 FC 23 4D 45 7C 42
B0 12 C0 35 87 4C 00 00 4E 43 5D 44 14 12 2F 46
2C 4F 35 3C 6A 93 19 20 27 46 91 47 02 00 00 00
81 43 02 00 0F 45 11 12 10 00 2F 83 FC 23 7D 40
20 00 7C 42 B0 12 C0 35 87 4C 02 00 4E 43 5D 44
15 12 2F 46 1C 4F 02 00 1A 3C 4A 98 1B 20 27 46
91 47 04 00 00 00 81 43 02 00 0F 45 11 12 10 00
2F 83 FC 23 7D 40 30 00 7C 42 B0 12 C0 35 87 4C
04 00 4E 43 5D 44 16 12 2F 46 1C 4F 04 00 B0 12
92 51 01 55 C2 B5 99 02 CB 2A 01 55 30 40 9C 71
0A 12 0B 12 4B 4C 4A 4D E2 D2 22 00 D2 D3 22 00
B0 12 F8 5A 7C 40 A2 00 B0 12 88 5A 4C 4B B0 12
88 5A 4C 4A B0 12 88 5A B0 12 CC 5A 3B 41 3A 41
30 41 0A 12 0B 12 08 12 0B 4C 38 40 80 40 6C 4B
88 12 3A 40 E0 4C 4D 4C 7C 42 8A 12 5C 4B 01 00
88 12 4D 4C 7C 40 07 00 8A 12 5C 4B 02 00 88 12
4D 4C 7C 40 05 00 8A 12 5C 4B 03 00 88 12 4D 4C
6C 42 8A 12 5C 4B 04 00 88 12 4D 4C 7C 40 03 00
8A 12 5C 4B 05 00 88 12 4D 4C 6C 43 8A 12 30 40
A6 71 0A 12 0B 12 08 12 48 4C 0B 4D 4A 4E E2 D2
22 00 D2 D3 22 00 B0 12 06 4E B0 12 FA 4D 7C 40
A2 00 B0 12 88 5A 4C 93 0D 20 4C 48 B0 12 88 5A
4C 93 08 20 B0 12 06 4E 7C 40 A3 00 B0 12 88 5A
4C 93 02 24 5C 43 1F 3C B0 12 FA 4D 58 43 08 3C
B0 12 3A 5A CB 4C 00 00 B0 12 FA 4D 1B 53 58 53
48 9A F6 2B B0 12 10 5A CB 4C 00 00 00 3C 3F 40
33 00 3F 53 FE 2F B0 12 CC 5A 00 3C 3F 40 33 00
3F 53 FE 2F 4C 43 30 40 A6 71 00 3C 3F 40 33 00
3F 53 FE 2F 30 41 00 3C 3F 40 33 00 3F 53 FE 2F
30 40 F8 5A 0A 12 0B 12 08 12 09 12 06 12 07 12
04 12 05 12 31 80 0E 00 0A 4C 0C 41 1C 53 3E 40
07 00 B0 12 4E 72 0C 41 3C 52 3E 40 06 00 B0 12
4E 72 7B 40 05 00 38 40 66 40 7E 40 07 00 0D 41
1D 53 6C 43 B0 12 72 4D F1 C0 80 00 01 00 F1 C0
80 00 02 00 F1 F0 3F 00 03 00 F1 F0 3F 00 04 00
F1 F0 07 00 05 00 F1 F0 1F 00 06 00 5C 41 07 00
88 12 C1 4C 00 00 C1 4C 08 00 5C 41 06 00 88 12
45 4C C1 4C 09 00 5C 41 04 00 88 12 49 4C C1 4C
0A 00 5C 41 03 00 88 12 46 4C C1 4C 0B 00 5C 41
02 00 88 12 47 4C C1 4C 0C 00 5C 41 01 00 88 12
44 4C C1 4C 0D 00 11 12 0E 00 11 12 0E 00 11 12
0E 00 B0 12 0E 3D 7B 53 31 50 06 00 4C 93 0E 24
EA 41 00 00 CA 45 01 00 CA 49 02 00 CA 46 03 00
CA 47 04 00 CA 44 05 00 5C 43 03 3C 4B 93 A5 23
4C 43 31 50 0E 00 30 40 9C 71 0A 12 0B 12 31 82
0C 41 0C 53 3E 40 07 00 B0 12 4E 72 3A 40 E0 4C
4D 43 5C 43 8A 12 7B 40 80 00 4D 4B 7C 40 09 00
8A 12 4D 4B 7C 40 0A 00 8A 12 4D 4B 7C 40 0B 00
8A 12 4D 4B 7C 40 0C 00 8A 12 5D 43 7C 40 06 00
8A 12 3F 40 69 0A 3F 53 FE 2F 7E 40 07 00 0D 41
0D 53 6C 43 B0 12 72 4D F1 F0 07 00 04 00 D1 93
04 00 02 24 4C 43 01 3C 5C 43 31 52 C7 3E F2 C2
21 00 B0 12 A8 4F B0 12 9E 4F F2 D2 21 00 07 3C
B0 12 A8 4F B0 12 9E 4F F2 C0 10 00 21 00 3F 40
41 00 3F 53 FE 2F 30 41 B0 12 9E 4F 30 40 D2 50
F2 D2 21 00 B0 12 CE 50 03 43 03 43 F2 C2 22 00
03 43 03 43 5E 42 20 00 B0 12 D8 4F F2 D2 22 00
7E B2 4C 7C 5C F3 30 41 F2 C0 10 00 21 00 3F 40
41 00 3F 53 FE 2F 30 41 F2 C2 21 00 D1 3F F2 D2
21 00 CE 3F 7D 42 4C 93 03 34 B0 12 EE 4F 02 3C
B0 12 E8 4F 4C 5C 7D 53 F6 23 F2 D2 21 00 03 43
30 41 F2 D0 18 00 22 00 B0 12 D2 50 F2 D2 21 00
B0 12 9E 4F F2 C2 21 00 B5 3F 0A 12 0B 12 4B 4C
4A 4D B0 12 4C 51 17 24 B0 12 EA 72 14 24 4C 4B
B0 12 F4 4F 3F 40 41 00 3F 53 FE 2F B0 12 B0 4F
4C 93 09 24 B0 12 7E 4F 00 3C 3F 40 13 34 3F 53
FE 2F 5C 43 01 3C 4C 43 3B 41 3A 41 30 41 F2 D2
21 00 B0 12 86 50 F2 C2 21 00 91 3F F2 C2 21 00
B0 12 86 50 82 3F B0 12 CE 50 B0 12 9E 4F F2 C0
10 00 21 00 03 43 03 43 30 41 4C 43 7E 42 F2 D2
21 00 B0 12 DE 4F B0 12 D2 50 F2 C2 22 00 B0 12
DE 4F 5F 42 20 00 4C 5C 7F B2 01 28 5C D3 F2 D2
22 00 B0 12 D8 4F 7E 53 4E 93 E9 23 30 41 03 43
03 43 F2 D0 10 00 21 00 30 41 0A 12 0B 12 08 12
08 4C 4A 4D 4B 43 03 3C B0 12 6E 50 5B 53 4B 9A
0D 2C B0 12 9A 50 0F 48 0F 5B CF 4C 00 00 4F 4A
3F 53 0B 9F F1 37 B0 12 7C 50 F0 3F B0 12 7E 4F
30 40 A6 71 0A 12 0B 12 08 12 08 4C 4A 4D 4B 4E
B0 12 4C 51 10 24 4C 4B B0 12 EC 72 0C 24 B0 12
A6 72 B0 12 B0 4F 4C 93 06 24 4D 4A 0C 48 B0 12
DA 50 5C 43 01 3C 4C 43 30 40 A6 71 B0 12 54 51
4C 93 30 41 B0 12 12 50 7C 40 A0 00 B0 12 F4 4F
30 40 B0 4F 21 82 C1 43 02 00 C1 43 03 00 81 43
00 00 4F 4D 4E 4C 6D 43 0C 41 2C 53 B0 12 14 51
D1 41 03 00 00 00 D1 41 02 00 01 00 2C 41 21 52
30 41 0A 12 0B 12 21 83 4A 4D 4B 4E 81 4C 00 00
5C 41 01 00 B0 12 2A 50 4C 93 08 24 4E 4B 5A 53
4D 4A 6C 41 B0 12 2A 50 4C 93 02 20 4C 43 01 3C
5C 43 21 53 51 3F 0A 12 F2 40 05 00 B0 02 82 43
5E 02 82 43 5C 02 82 43 5A 02 82 43 64 02 82 43
62 02 82 43 60 02 82 43 6A 02 82 43 68 02 82 43
66 02 82 43 70 02 82 43 6E 02 82 43 6C 02 82 43
76 02 82 43 74 02 82 43 72 02 82 43 7C 02 82 43
7A 02 82 43 78 02 82 43 82 02 82 43 80 02 82 43
7E 02 82 43 88 02 82 43 86 02 82 43 84 02 82 43
94 02 82 43 92 02 82 43 90 02 82 43 8E 02 82 43
8C 02 82 43 8A 02 82 43 58 02 82 43 56 02 82 43
54 02 4E 43 7D 40 0D 00 7C 40 05 00 B0 12 2A 50
3A 40 92 51 4E 43 7D 40 0E 00 1C 42 5A 02 8A 12
4E 43 7D 40 10 00 1C 42 5C 02 8A 12 4E 43 7D 40
12 00 1C 42 5E 02 8A 12 4E 43 7D 40 14 00 1C 42
60 02 8A 12 4E 43 7D 40 16 00 1C 42 62 02 8A 12
4E 43 7D 40 18 00 1C 42 64 02 8A 12 4E 43 7D 40
1A 00 1C 42 66 02 8A 12 4E 43 7D 40 1C 00 1C 42
68 02 8A 12 4E 43 7D 40 1E 00 1C 42 6A 02 8A 12
4E 43 7D 40 20 00 1C 42 6C 02 8A 12 4E 43 7D 40
22 00 1C 42 6E 02 8A 12 4E 43 7D 40 24 00 1C 42
70 02 8A 12 4E 43 7D 40 26 00 1C 42 72 02 8A 12
4E 43 7D 40 28 00 1C 42 74 02 8A 12 4E 43 7D 40
2A 00 1C 42 76 02 8A 12 4E 43 7D 40 2C 00 1C 42
78 02 8A 12 4E 43 7D 40 2E 00 1C 42 7A 02 8A 12
4E 43 7D 40 30 00 1C 42 7C 02 8A 12 4E 43 7D 40
32 00 1C 42 7E 02 8A 12 4E 43 7D 40 34 00 1C 42
80 02 8A 12 4E 43 7D 40 36 00 1C 42 82 02 8A 12
4E 43 7D 40 38 00 1C 42 84 02 8A 12 4E 43 7D 40
3A 00 1C 42 86 02 8A 12 4E 43 7D 40 3C 00 1C 42
88 02 8A 12 4E 43 7D 40 3E 00 1C 42 90 02 8A 12
4E 43 7D 40 40 00 1C 42 92 02 8A 12 4E 43 7D 40
42 00 1C 42 94 02 8A 12 4E 43 7D 40 44 00 1C 42
8A 02 8A 12 4E 43 7D 40 46 00 1C 42 8C 02 8A 12
4E 43 7D 40 48 00 1C 42 8E 02 8A 12 4E 43 7D 40
4A 00 1C 42 54 02 8A 12 4E 43 7D 40 4C 00 1C 42
56 02 8A 12 4E 43 7D 40 4E 00 1C 42 58 02 8A 12
3A 41 30 41 0A 12 3A 40 64 51 4D 43 7C 40 05 00
8A 12 82 4C AC 02 4D 43 7C 40 09 00 8A 12 82 4C
9A 02 4D 43 7C 40 0D 00 B0 12 B4 6A C2 4C B0 02
4D 43 7C 40 0E 00 8A 12 82 4C 5A 02 4D 43 7C 40
10 00 8A 12 82 4C 5C 02 4D 43 7C 40 12 00 8A 12
82 4C 5E 02 4D 43 7C 40 14 00 8A 12 82 4C 60 02
4D 43 7C 40 16 00 8A 12 82 4C 62 02 4D 43 7C 40
18 00 8A 12 82 4C 64 02 4D 43 7C 40 1A 00 8A 12
82 4C 66 02 4D 43 7C 40 1C 00 8A 12 82 4C 68 02
4D 43 7C 40 1E 00 8A 12 82 4C 6A 02 4D 43 7C 40
20 00 8A 12 82 4C 6C 02 4D 43 7C 40 22 00 8A 12
82 4C 6E 02 4D 43 7C 40 24 00 8A 12 82 4C 70 02
4D 43 7C 40 26 00 8A 12 82 4C 72 02 4D 43 7C 40
28 00 8A 12 82 4C 74 02 4D 43 7C 40 2A 00 8A 12
82 4C 76 02 4D 43 7C 40 2C 00 8A 12 82 4C 78 02
4D 43 7C 40 2E 00 8A 12 82 4C 7A 02 4D 43 7C 40
30 00 8A 12 82 4C 7C 02 4D 43 7C 40 32 00 8A 12
82 4C 7E 02 4D 43 7C 40 34 00 8A 12 82 4C 80 02
4D 43 7C 40 36 00 8A 12 82 4C 82 02 4D 43 7C 40
38 00 8A 12 82 4C 84 02 4D 43 7C 40 3A 00 8A 12
82 4C 86 02 4D 43 7C 40 3C 00 8A 12 82 4C 88 02
4D 43 7C 40 3E 00 8A 12 82 4C 90 02 4D 43 7C 40
40 00 8A 12 82 4C 92 02 4D 43 7C 40 42 00 8A 12
82 4C 94 02 4D 43 7C 40 44 00 8A 12 82 4C 8A 02
4D 43 7C 40 46 00 8A 12 82 4C 8C 02 4D 43 7C 40
48 00 8A 12 82 4C 8E 02 4D 43 7C 40 4A 00 8A 12
82 4C 54 02 4D 43 7C 40 4C 00 8A 12 82 4C 56 02
4D 43 7C 40 4E 00 8A 12 82 4C 58 02 B2 40 32 00
96 02 3A 41 30 41 0A 12 0B 12 08 12 09 12 06 12
07 12 04 12 E2 B2 99 02 C2 28 F2 90 05 00 98 02
BE 2C 77 40 10 00 82 93 A0 02 08 20 30 12 0F 35
43 12 4F 47 B0 12 08 73 21 52 07 3C 0F 43 3E 40
62 28 4D 43 4C 43 B0 12 AC 41 5E 42 98 02 74 40
20 00 36 40 38 43 7A 40 51 00 6B 42 38 40 F1 28
39 40 32 6D 5E 93 26 20 1D 42 9C 02 3C 40 5A 02
89 12 0C 12 08 12 4B 12 4A 12 1E 42 9C 02 B0 12
30 73 1D 42 9E 02 3C 40 60 02 89 12 0C 12 08 12
4B 12 4A 12 1E 42 9E 02 B0 12 38 73 1D 42 A0 02
3C 40 66 02 89 12 0C 12 08 12 4B 12 4A 12 1E 42
A0 02 50 3C 6E 93 26 20 1D 42 A2 02 3C 40 6C 02
89 12 0C 12 08 12 4B 12 4A 12 1E 42 A2 02 B0 12
30 73 1D 42 A4 02 3C 40 72 02 89 12 0C 12 08 12
4B 12 4A 12 1E 42 A4 02 B0 12 38 73 1D 42 A6 02
3C 40 78 02 89 12 0C 12 08 12 4B 12 4A 12 1E 42
A6 02 28 3C 7E 90 03 00 2D 20 1D 42 A8 02 3C 40
7E 02 89 12 0C 12 08 12 4B 12 4A 12 1E 42 A8 02
B0 12 30 73 1D 42 AA 02 3C 40 84 02 89 12 0C 12
08 12 4B 12 4A 12 1E 42 AA 02 B0 12 38 73 1D 42
AC 02 3C 40 8A 02 89 12 0C 12 08 12 4B 12 4A 12
1E 42 AC 02 0F 43 7D 40 30 00 7C 42 86 12 31 50
18 00 1D 3C 6E 92 1B 20 1D 42 AE 02 3C 40 90 02
89 12 0C 12 08 12 4B 12 4A 12 1E 42 AE 02 B0 12
30 73 1D 42 9A 02 3C 40 54 02 89 12 0C 12 08 12
4B 12 4A 12 1E 42 9A 02 B0 12 38 73 01 57 30 40
9E 71 0A 12 0B 12 08 12 09 12 F2 90 06 00 98 02
03 28 D2 43 98 02 06 3C C2 93 98 02 03 20 F2 40
05 00 98 02 F2 C2 99 02 E2 D2 99 02 7A 40 10 00
03 12 43 12 7F 40 40 00 4E 4A B0 12 0A 73 3B 40
AC 41 21 52 82 93 A0 02 08 20 30 12 0F 35 43 12
4F 4A B0 12 08 73 21 52 06 3C 0F 43 3E 40 62 28
4D 43 4C 43 8B 12 E2 B2 CA 02 0A 28 30 12 2F 35
43 12 4F 4A 6E 43 4D 43 6C 43 B0 12 CA 43 21 52
5E 42 C9 02 7E 90 03 00 04 20 0F 43 3E 40 65 28
0B 3C 6E 93 04 20 0F 43 3E 40 6E 28 05 3C 5E 93
06 20 0F 43 3E 40 77 28 4D 43 6C 42 8B 12 5E 42
98 02 38 40 B6 55 79 40 20 00 5E 93 0D 20 0F 43
3E 40 80 28 B0 12 F4 72 3E 40 89 28 4D 49 B0 12
F6 72 3E 40 92 28 1E 3C 6E 93 0D 20 0F 43 3E 40
9B 28 B0 12 F4 72 3E 40 A4 28 4D 49 B0 12 F6 72
3E 40 AD 28 0F 3C 7E 90 03 00 0F 20 0F 43 3E 40
B6 28 B0 12 F4 72 3E 40 BF 28 4D 49 B0 12 F6 72
3E 40 C8 28 7D 40 30 00 0A 3C 6E 92 0C 20 0F 43
3E 40 D1 28 B0 12 F4 72 3E 40 D8 28 4D 49 4C 43
8B 12 88 12 0F 3C 7E 90 05 00 0C 20 0F 43 3E 40
DF 28 B0 12 F4 72 3E 40 E8 28 4D 49 4C 43 8B 12
B0 12 30 65 1E 42 B8 02 4D 43 7C 40 0E 00 B0 12
FE 6E B0 12 CE 64 30 40 A4 71 0D 12 0C 12 0F 12
0E 12 0E 43 B0 12 CE 59 F2 B0 FB 00 2B 00 03 20
30 3C B0 12 C6 59 3D 40 28 00 CD 93 00 00 0F 4E
1E 53 3F 90 0A 00 F5 2B 3E 90 0A 00 22 28 6E 4D
7E F0 80 00 7E E0 80 00 09 24 C2 93 B1 02 19 20
F2 D0 80 00 B6 02 D2 43 B1 02 13 3C CD 93 00 00
6F 4D 7F F0 7B 00 C2 4F C2 02 0F 12 3D 40 FF 28
4C 43 B0 12 18 5B B2 40 32 00 96 02 D2 D3 B7 02
21 53 B1 C0 D0 00 08 00 C2 43 2B 00 3E 41 3F 41
3C 41 3D 41 00 13 0D 12 0F 12 0E 12 0E 43 B0 12
CE 59 F2 B0 20 00 23 00 03 2C 1C 3C B0 12 C6 59
5F 42 20 00 7F F0 20 00 7F E0 20 00 05 24 0F 4E
1E 53 3F 90 0A 00 F2 2B 3E 90 0A 00 0B 28 C2 93
B1 02 08 20 F2 D0 80 00 B6 02 D2 43 B1 02 B1 C0
D0 00 06 00 C2 43 23 00 3E 41 3F 41 3D 41 00 13
0D 12 0C 12 0F 12 0E 12 B0 12 CE 59 B0 12 C8 61
C2 93 B1 02 02 24 F2 53 B1 02 B1 C0 D0 00 08 00
92 C3 60 01 BB 3F 3F 40 69 0A 3F 53 FE 2F B2 40
0C 5A 20 01 30 41 0D 12 0C 12 0F 12 0E 12 B0 12
CE 59 B0 12 88 6C C2 93 B1 02 02 24 F2 53 B1 02
A5 3F D2 D3 22 00 B0 12 32 5A B0 12 02 5A 30 40
0C 5B B0 12 E8 5A B0 12 0C 5B E2 C2 21 00 30 41
B0 12 5E 5A D2 C3 22 00 7E 42 B0 12 6E 5A 7E 53
FC 23 30 40 F2 59 D2 D3 22 00 B0 12 DE 5A B0 12
02 5A B0 12 0C 5B 30 40 64 5A B0 12 5E 5A B0 12
0C 5B D2 C3 22 00 7E 42 B0 12 6E 5A 00 3C 3F 40
33 00 3F 53 FE 2F 7E 53 F7 23 30 40 26 5A 4C 43
D2 D3 22 00 D2 D3 22 00 D2 D3 21 00 30 41 4C 5C
E2 D2 21 00 00 3C 3F 40 33 00 3F 53 FE 2F D2 B3
20 00 01 28 5C D3 C1 3F 7E 42 4C 93 D2 D3 22 00
03 34 D2 D3 21 00 02 3C D2 C3 21 00 E2 D2 21 00
E2 C2 21 00 4C 5C 7E 53 4E 93 EF 23 D2 C3 22 00
B0 12 08 5B 5C 42 20 00 E2 C2 21 00 B0 12 0C 5B
D2 D3 22 00 B0 12 0C 5B 5C F3 30 41 B0 12 DE 5A
B0 12 E8 5A B0 12 32 5A B0 12 E8 5A 17 3C D2 D3
22 00 D2 C3 21 00 30 41 00 3C 3F 40 33 00 3F 53
FE 2F E2 D2 21 00 30 41 B0 12 64 5A B0 12 08 5B
B0 12 DE 5A 30 40 06 5A B0 12 E8 5A 00 3C 3F 40
33 00 3F 53 FE 2F 30 41 0A 12 0B 12 08 12 09 12
06 12 21 83 0A 4D 4C 93 03 20 3B 40 78 71 04 3C
5C 93 0F 20 3B 40 3C 71 0F 41 3F 50 0E 00 81 4F
00 00 01 3C 8B 12 7C 4A 7C 90 25 00 06 24 4C 93
F9 23 0C 43 21 53 30 40 A2 71 7E 4A 4C 4E 7E 80
63 00 0B 24 5E 83 1B 24 7E 80 0B 00 14 24 6E 82
09 24 7E 80 05 00 18 24 E5 3F 2F 41 A1 53 00 00
6C 4F E0 3F 2F 41 A1 53 00 00 28 4F 7C 48 4C 93
DA 27 8B 12 FB 3F 38 42 39 40 00 80 09 3C 38 40
0A 00 39 40 10 27 04 3C 38 40 10 00 39 40 00 10
2F 41 A1 53 00 00 26 4F 7C 90 64 00 11 20 06 93
05 34 36 E3 16 53 7C 40 2D 00 8B 12 06 99 08 2C
0C 49 3E 40 0A 00 B0 12 60 6F 09 4C 2C 93 F6 2F
0C 46 0E 49 B0 12 60 6F 5C 4C 42 2A 8B 12 0C 46
0E 49 B0 12 60 6F 06 4E 0C 49 0E 48 B0 12 60 6F
09 4C 0C 93 A0 27 EC 3F 0A 12 0B 12 08 12 09 12
31 82 4B 4C 3F 40 50 11 B1 4F 02 00 B1 4F 04 00
B1 4F 06 00 2F 43 4A 43 03 3C 0F 5F 2F D3 5A 53
4A 9E FB 2B 81 DF 04 00 81 DF 06 00 0F 41 0F 53
0E 41 1E 53 B0 12 E8 65 4A 43 39 40 90 65 6C 41
B0 12 E2 65 5C 41 01 00 B0 12 E2 65 5B B3 02 28
4C 43 89 12 6E 41 5E 53 C1 4E 00 00 7E 90 A0 00
09 28 5E 41 01 00 7E 82 C1 4E 01 00 F1 40 80 00
00 00 0D 3C 7E 90 90 00 0A 28 F1 90 90 00 01 00
06 2C 5E 41 01 00 7E 50 10 00 C1 4E 01 00 4A 93
03 24 7A 90 05 00 06 20 5C 41 03 00 89 12 5C 41
02 00 15 3C 4F 4A 7A 90 03 00 05 2C 0F 5F 0F 51
18 4F 02 00 08 3C 0E 41 2E 53 3F E3 1F 53 0F 5F
0E 5F 18 4E 0A 00 0C 48 8C 10 89 12 4C 48 89 12
5A 53 7A 90 06 00 B3 2B 31 52 30 40 A4 71 0A 12
5A 43 B0 12 38 70 B0 12 6E 72 F2 D2 1E 00 F2 D2
1D 00 B0 12 9E 70 B0 12 86 70 B0 12 94 6F B0 12
94 6F B0 12 9A 63 30 12 27 33 43 12 4F 4A 7E 42
4D 43 6C 42 B0 12 CA 43 3F 40 29 68 3F 53 FE 2F
5A 53 21 52 7A 90 3E 00 EE 2B 3F 40 7E 84 3E 40
1E 00 3F 53 3E 63 FD 2F B0 12 64 71 B0 12 B4 6C
B0 12 CA 60 B0 12 F4 53 B0 12 6C 70 B0 12 8A 72
B2 40 8F 02 92 01 7C 40 03 00 B0 12 4A 61 32 D2
3C 40 BC 02 B0 12 14 4E 4C 93 0C 20 D2 43 BC 02
D2 43 BD 02 D2 43 BE 02 C2 43 BF 02 C2 43 C0 02
C2 43 C1 02 B0 12 5C 6C 82 4C B8 02 B0 12 38 70
D2 43 98 02 03 12 43 12 7F 40 40 00 7E 40 10 00
4D 43 4C 43 B0 12 CA 43 B0 12 52 57 21 52 3A 41
30 41 0A 12 4E 43 B2 90 07 00 B2 02 57 28 7F 4C
7F 90 59 00 53 20 7F 4C 7F 90 5A 00 4F 20 7F 4C
7F 90 2B 00 4B 20 C2 43 4E 02 82 43 50 02 CE 43
44 02 5E 53 7E 90 0A 00 FA 2B 4E 43 4F 4E 0D 4C
0D 5F 6A 4D 7A 90 0D 00 07 20 FD 90 0A 00 01 00
03 20 E2 42 4E 02 25 3C 7A 90 3D 00 0B 20 FD 90
3F 00 01 00 07 20 FD 90 0D 00 02 00 03 20 E2 43
4E 02 17 3C 7A 90 3D 00 06 20 D2 43 4E 02 1D 53
82 4D 50 02 0E 3C 7A 90 3F 00 08 20 FD 90 0D 00
01 00 04 20 F2 40 03 00 4E 02 03 3C C2 93 4E 02
02 24 5C 43 0C 3C 7A 50 DF 00 7A 90 5E 00 06 2C
EF 4D 44 02 5E 53 7E 90 0A 00 C0 2B 4C 43 3A 41
30 41 0F 43 CF 43 CE 02 1F 53 3F 90 20 01 FA 2B
82 43 9C 02 82 43 9E 02 82 43 A0 02 82 43 A2 02
82 43 A4 02 82 43 A6 02 82 43 A8 02 82 43 AA 02
82 43 AE 02 82 43 AC 02 82 43 9A 02 C2 43 C9 02
C2 43 C7 02 C2 43 C8 02 4E 43 7D 40 05 00 0C 43
B0 12 92 51 4E 43 7D 40 09 00 1C 42 9A 02 30 40
92 51 F2 C0 80 00 B6 02 5E 42 B0 02 82 5E 9C 02
82 5E 9E 02 82 5E A0 02 82 5E A2 02 82 5E A4 02
82 5E A6 02 82 5E A8 02 82 5E AA 02 82 5E AE 02
82 5E AC 02 82 5E 9A 02 C2 5E ED 03 5C 43 B0 12
4C 47 B0 12 B6 55 4E 43 7D 40 05 00 1C 42 AC 02
CF 3F 0F 4C 3E 40 1F 01 0C 43 0D 43 1F 83 20 24
2F 83 24 24 2F 83 0D 24 1F 83 26 24 2F 82 0C 24
2F 83 28 24 3F 80 0C 00 2F 24 3F 80 06 00 0A 24
30 41 5C 42 ED 03 30 41 5C 42 ED 03 5F 42 EC 03
0C 5F 30 41 3D 90 06 00 21 2C B0 12 BE 72 FA 3F
3D 90 0C 00 1B 2C B0 12 BE 72 FA 3F 3D 90 24 00
15 2C B0 12 BE 72 FA 3F 3D 90 48 00 0F 2C B0 12
BE 72 FA 3F 3D 90 90 00 09 2C B0 12 BE 72 FA 3F
5F 4D CE 02 0C 5F 1D 53 0D 9E FA 2B 30 41 0A 12
0B 12 08 12 09 12 4A 43 C2 93 52 02 08 24 1E 42
B2 02 2E 83 3D 40 EE 03 4C 43 B0 12 4A 6B 48 4A
08 58 08 58 19 48 00 11 09 93 18 24 0C 49 B0 12
4E 3D 4B 4C 3C 40 44 02 B0 12 4E 3D 4F 4B 0E 49
4D 4C 3C 40 44 02 B0 12 92 66 0C 93 0C 24 98 12
02 11 4C 93 03 24 3D 40 DE 27 02 3C 3D 40 D5 27
B0 12 2A 45 04 3C 5A 53 7A 90 14 00 D8 2B C2 43
4E 02 82 43 50 02 4A 43 CA 43 44 02 5A 53 7A 90
0A 00 FA 2B 30 40 A4 71 0A 12 0F 43 DF 4F CF 02
CE 02 1F 53 3F 90 1F 01 F9 2B C2 43 ED 03 82 43
9C 02 3A 40 32 5F 3C 40 0A 00 8A 12 82 4C 9E 02
3C 40 1E 00 8A 12 82 4C A0 02 1C 43 8A 12 82 4C
A2 02 3C 40 03 00 8A 12 82 4C A4 02 3C 40 06 00
8A 12 82 4C A6 02 3C 40 0C 00 8A 12 82 4C A8 02
3C 40 18 00 8A 12 82 4C AA 02 82 93 A2 02 02 20
82 43 AE 02 C2 43 C7 02 C2 43 C9 02 C2 43 C8 02
4C 43 B0 12 4C 47 3A 41 30 41 82 43 C4 02 B0 12
0A 4F 4C 93 02 20 D2 D3 C4 02 5C 43 B0 12 AE 6D
4C 93 02 20 E2 D3 C4 02 B0 12 7A 6B 4C 93 02 20
E2 D2 C4 02 82 93 C4 02 27 24 D2 B3 C4 02 07 28
0F 43 3E 40 73 35 4D 43 4C 43 B0 12 AC 41 E2 B3
C4 02 08 28 0F 43 3E 40 7D 35 7D 40 10 00 4C 43
B0 12 AC 41 E2 B2 C4 02 08 28 0F 43 3E 40 88 35
7D 40 20 00 4C 43 B0 12 AC 41 3F 40 FE 08 3E 40
3D 00 3F 53 3E 63 FD 2F 30 41 F2 D0 30 00 1B 00
F2 D0 10 00 70 00 F2 D0 10 00 71 00 4C 83 05 24
5C 83 0C 24 5C 83 13 24 1B 3C F2 40 1B 00 74 00
C2 43 75 00 F2 40 22 00 73 00 1A 3C F2 40 0D 00
74 00 C2 43 75 00 F2 40 6D 00 73 00 11 3C F2 40
06 00 74 00 C2 43 75 00 F2 40 FB 00 73 00 08 3C
F2 40 03 00 74 00 C2 43 75 00 F2 40 4A 00 73 00
D2 C3 70 00 F2 D0 C0 00 04 00 F2 D0 40 00 00 00
3C 40 00 01 30 40 B0 6F D2 D3 B6 02 D2 53 C1 02
F2 90 3C 00 C1 02 36 28 C2 43 C1 02 E2 D3 B6 02
D2 53 C0 02 F2 90 3C 00 C0 02 2C 28 C2 43 C0 02
E2 D2 B6 02 D2 53 BF 02 F2 90 18 00 BF 02 22 28
C2 43 BF 02 03 12 12 12 BE 02 12 12 BC 02 B0 12
E4 66 D2 53 BE 02 31 50 06 00 5C 92 BE 02 12 2C
D2 43 BE 02 D2 53 BD 02 F2 90 0D 00 BD 02 0A 28
D2 43 BD 02 D2 53 BC 02 F2 90 64 00 BC 02 02 28
C2 43 BC 02 30 41 B2 40 80 5A 20 01 F2 F0 F4 00
1A 00 D2 D3 19 00 E2 D2 1E 00 E2 D3 1E 00 03 43
E2 C3 1D 00 E2 D2 1D 00 00 3C 3F 40 33 00 3F 53
FE 2F E2 C2 1D 00 00 3C 3F 40 33 00 3F 53 FE 2F
E2 C2 1E 00 E2 C3 1E 00 B0 12 EE 5C B2 40 0C 5A
20 01 B0 12 82 67 B0 12 5A 73 F2 B0 40 00 99 02
02 28 B0 12 20 69 82 93 B6 02 F0 23 B2 40 0C 5A
20 01 03 43 32 D0 D0 00 03 43 E8 3F F2 B0 40 00
99 02 35 2C D2 C3 B7 02 E2 B3 99 02 2C 28 F2 D0
10 00 1E 00 F2 C0 10 00 1D 00 D2 D3 99 02 5E 42
C2 02 7E 80 3B 00 12 24 7E 80 20 00 13 24 7E 80
10 00 04 24 7E 80 0F 00 04 24 17 3C F2 53 98 02
02 3C D2 53 98 02 B0 12 52 57 0F 3C F2 D0 40 00
99 02 0B 3C E2 B2 CA 02 03 28 B0 12 1A 6B 05 3C
B0 12 36 67 02 3C B0 12 FE 71 C2 43 C2 02 30 41
0A 12 7D 40 64 00 B0 12 26 73 03 20 4D 93 21 24
FA 3F 4D 93 1E 24 3A 40 30 6C 7C 40 CC 00 8A 12
7C 40 44 00 8A 12 7E 40 14 00 3F 40 9E 86 03 43
1D 43 3F 53 3D 63 FD 2F 7E 53 4E 93 F6 23 7D 40
64 00 B0 12 26 73 03 20 4D 93 03 24 FA 3F 4D 93
02 20 3C 43 08 3C 7C 40 CC 00 8A 12 7C 40 BE 00
8A 12 B0 12 FA 70 3A 41 30 41 F2 D0 F8 00 1E 00
F2 D0 10 00 1E 00 F2 C0 10 00 1D 00 D2 D3 99 02
3F 40 9E 86 03 43 1E 43 3F 53 3E 63 FD 2F F2 D2
1E 00 F2 C2 1D 00 E2 D3 99 02 B0 12 30 63 B0 12
60 69 82 4C BA 02 7C 40 34 00 B0 12 E2 65 03 12
43 12 7F 40 40 00 7E 40 10 00 4D 43 4C 43 B0 12
CA 43 7C 40 36 00 B0 12 E2 65 B2 40 32 00 96 02
21 52 30 41 0A 12 0B 12 0D 12 0C 12 0F 12 0E 12
B2 40 0C 5A 20 01 1F 42 00 02 0F 5F 9F 42 40 01
02 02 1F 42 00 02 1F 53 3F 90 20 00 14 20 0C 43
0D 43 0F 43 4E 43 4B 4E 0B 5B 1A 4B 02 02 0C 5A
0D 63 5E 53 7E 90 20 00 F6 2B B0 12 3E 6F 82 4C
42 02 B0 12 B6 70 82 4F 00 02 82 43 A4 01 3E 41
3F 41 3C 41 3D 41 3B 41 3A 41 00 13 0A 12 B0 12
5C 6C 82 4C B8 02 0C 93 28 24 5C 42 CC 02 7E 40
03 00 B0 12 5C 6F 4A 4E B0 12 94 6F 5A 93 03 20
B0 12 26 6E 02 3C B0 12 D6 6D 7A 40 06 00 5C 42
CC 02 7E 40 09 00 B0 12 5C 6F 4E 93 02 20 7A 40
3C 00 C2 4A CB 02 F2 90 5A 00 CC 02 04 28 D2 C3
CA 02 E2 D3 CA 02 D2 53 CC 02 3A 41 30 41 0A 12
31 80 06 00 0C 41 0C 53 3E 40 F9 28 3D 40 06 00
B0 12 CE 71 7A 40 0A 00 B0 12 C8 71 4C 4C D1 4C
42 2A 00 00 B0 12 C8 71 4E 4E D1 4E 42 2A 01 00
B0 12 BE 71 4C 4C D1 4C 42 2A 03 00 B0 12 BE 71
4E 4E D1 4E 42 2A 04 00 0E 41 0E 53 7D 40 07 00
7C 40 0C 00 B0 12 B0 40 31 50 06 00 3A 41 30 41
E2 B2 99 02 2C 28 F2 90 05 00 98 02 28 20 B0 12
5C 6C 82 4C B8 02 03 12 30 12 F4 28 70 12 04 00
70 12 42 00 0E 4C 0F 43 7D 40 10 00 7C 40 09 00
B0 12 38 43 03 12 30 12 F6 28 70 12 04 00 70 12
31 00 1E 42 BA 02 0F 4E 3F E3 0F 5F 0F 7F 7D 40
20 00 7C 40 09 00 B0 12 38 43 31 50 10 00 30 41
B0 12 78 6F F2 D0 20 00 1D 00 F2 C0 40 00 1D 00
C2 4C 31 00 B0 12 D8 65 F2 C0 80 00 1D 00 30 41
B0 12 50 71 B0 12 D8 65 B0 12 EE 71 02 34 0F 93
F9 23 F2 D0 20 00 1D 00 F2 D0 40 00 1D 00 B0 12
D8 65 5C 42 30 00 E8 3F F2 D0 80 00 1D 00 03 43
30 41 B0 12 78 6F D9 3F 7C 90 10 00 02 28 4C 43
02 3C 12 C3 4C 10 7D 90 10 00 03 2C 7C 50 80 00
0E 3C 7D 90 20 00 03 2C 7C 50 90 00 08 3C 7D 90
30 00 03 2C 7C 50 88 00 02 3C 7C 50 98 00 CE 4C
00 00 7D 90 20 00 02 28 7D 50 E0 00 7D 90 80 00
01 28 4D 43 7D 50 80 00 CF 4D 00 00 30 41 4E 4C
4F 43 A2 C3 A0 01 82 43 40 01 82 43 00 02 4C 4F
0C 5C 8C 43 02 02 5F 53 7F 90 20 00 F8 2B B2 40
F0 88 A0 01 B2 40 04 02 A2 01 4F 4E 4F 5D C2 4F
80 00 7E 92 05 2C 1C 43 B0 12 B2 72 C2 DC 37 00
92 43 A6 01 D2 43 C6 02 A2 D3 A0 01 92 D3 A0 01
30 41 0A 12 0B 12 08 12 09 12 06 12 07 12 0B 4E
4E 43 4D 9F 04 2C 0C 43 30 40 A0 71 5E 53 48 4E
4A 4D 4F 4F 0A 8F 0A 98 F6 3B 0A 4C 0A 58 EA 9B
00 00 F4 23 46 4E 49 43 09 3C 07 4C 07 56 08 4B
08 59 E7 98 00 00 EA 23 59 53 56 53 49 9F F5 2B
0C 4A E2 3F 31 82 0C 41 0C 53 3E 40 3B 2A 3D 40
07 00 B0 12 CE 71 4E 43 5D 41 0B 00 4F 4E 0F 51
6D 9F 04 24 5E 53 7E 90 07 00 F8 2B 7E 90 07 00
03 2C 7C 40 1F 00 0D 3C 6D 93 09 20 7C 40 1C 00
F1 B0 03 00 0A 00 05 20 7C 40 1D 00 02 3C 7C 40
1E 00 31 52 30 41 03 12 43 12 7F 40 40 00 7E 40
10 00 B0 12 0A 73 F2 D2 1E 00 F2 D2 1D 00 F2 D0
10 00 1E 00 F2 D0 10 00 1D 00 C2 43 99 02 C2 43
32 00 F2 F0 07 00 1E 00 3F 40 3E 42 3E 40 0F 00
3F 53 3E 63 FD 2F C2 43 C2 02 D2 C3 B7 02 21 52
30 41 C2 93 B6 02 02 34 B0 12 E2 5E D2 B3 B6 02
02 28 B0 12 DC 69 E2 B3 B6 02 02 28 B0 12 86 6D
E2 B2 B6 02 02 28 B0 12 4C 6E F2 B0 20 00 B6 02
02 28 B0 12 9E 69 F2 B0 40 00 B6 02 02 28 B0 12
98 72 D2 B3 B7 02 02 28 B0 12 BC 62 30 41 0A 12
4A 43 0F 43 3E 40 2D 2A 7D 40 0A 00 6C 43 B0 12
AC 41 02 3C 5A B3 03 2C 3F 40 00 0C 02 3C 3F 40
00 C0 B0 12 AC 35 08 24 7E 80 20 00 03 24 B0 12
E4 70 F0 2B 3A 41 30 41 5A B3 FC 2B B0 12 82 5E
B0 12 C6 51 F7 3F E2 D3 36 00 E2 C3 35 00 00 3C
3F 40 33 05 3F 53 FE 2F E2 D3 35 00 3F 40 91 00
3F 53 FE 2F E2 C3 36 00 03 43 E2 B3 34 00 04 28
4C 43 E2 D3 36 00 05 3C 5C 43 E2 D3 36 00 E2 D3
35 00 3F 40 29 04 3F 53 FE 2F 30 41 0A 12 4A 43
0F 43 3E 40 09 2A 7D 40 0A 00 6C 42 B0 12 AC 41
02 3C 5A B3 03 2C 3F 40 00 0C 02 3C 3F 40 00 C0
B0 12 AC 35 08 24 7E 80 20 00 03 24 B0 12 E4 70
F0 2B 3A 41 30 41 5A B3 FC 2B B0 12 82 5E F9 3F
4C 43 7E 42 12 C3 4C 10 B0 12 DE 71 E2 D3 35 00
00 3C 3F 40 13 00 3F 53 FE 2F E2 C3 36 00 03 43
E2 B3 34 00 02 28 7C D0 80 00 03 43 3F 40 76 00
3F 53 FE 2F E2 D3 36 00 B0 12 0E 72 E3 23 30 41
09 12 09 43 0F 93 05 34 3E E3 3F E3 1E 53 0F 63
19 D3 0D 93 05 34 3C E3 3D E3 1C 53 0D 63 39 E3
B0 12 14 6A 19 B3 04 24 3C E3 3D E3 1C 53 0D 63
29 B3 04 24 3E E3 3F E3 1E 53 0F 63 39 41 30 41
E2 C2 99 02 F2 D2 99 02 03 12 43 12 B0 12 1E 72
B0 12 B8 3A 21 52 4C 93 02 24 B0 12 BA 3B B0 12
94 6F C2 43 C2 02 B0 12 A2 3A 03 12 43 12 B0 12
1E 72 B0 12 52 57 F2 F0 AF 00 99 02 21 52 30 41
0A 12 4A 43 3C 93 03 20 3C 40 F1 D8 16 3C 3C B0
00 FC 04 24 3F 43 0F 8C 0C 4F 5A 43 0D 43 3E 40
71 02 0F 43 B0 12 A8 6B 3E 40 E8 03 0F 43 B0 12
E0 68 5A B3 02 28 3C E3 1C 53 3A 41 30 41 F2 C0
20 00 B6 02 1F 42 B2 02 3F 90 28 00 13 2C FF 90
0A 00 ED 03 0F 20 FF 90 0D 00 EC 03 0B 20 B2 40
32 00 96 02 3C 40 EE 03 B0 12 C2 5D 4C 93 02 24
B0 12 BE 5F 3C 40 00 01 30 40 B0 6F D2 C3 B6 02
F2 90 1B 00 C0 02 08 20 F2 90 1B 00 C1 02 04 20
3C 40 BC 02 B0 12 14 4E D2 B3 CA 02 0A 28 D2 D3
1E 00 03 43 D2 D3 1D 00 C2 93 CB 02 02 20 B0 12
6C 64 30 41 09 12 0A 12 0B 12 0A 43 0B 43 39 40
20 00 0C 5C 0D 6D 0A 6A 0B 6B 0A 8E 0B 7F 04 28
1C D3 39 53 F6 23 04 3C 0A 5E 0B 6F 39 53 F1 23
0E 4A 0F 4B 3B 41 3A 41 39 41 30 41 B0 12 94 6F
E2 D2 1E 00 E2 D3 1E 00 B0 12 04 70 4E 43 0D 3C
E2 D3 1D 00 3F 40 09 01 3F 53 FE 2F E2 C3 1D 00
3F 40 09 01 3F 53 FE 2F 5E 53 4E 9C F1 2B 30 41
8C 11 8E 11 09 12 09 43 0E 93 03 34 3E E3 1E 53
19 D3 0C 93 03 34 3C E3 1C 53 39 E3 B0 12 60 6F
19 B3 02 24 3C E3 1C 53 29 B3 02 24 3E E3 1E 53
39 41 30 41 0A 12 4A 4C B0 12 4C 51 12 24 B0 12
EA 72 0F 24 B0 12 A6 72 B0 12 9E 4F B0 12 B0 4F
4C 93 07 24 B0 12 9A 50 B0 12 6E 50 B0 12 7E 4F
01 3C 4C 43 3A 41 30 41 F2 B2 B6 02 05 28 F2 C2
B6 02 F2 D0 20 00 B6 02 F2 B0 10 00 B6 02 06 28
F2 C0 10 00 B6 02 F2 D0 40 00 B6 02 B2 C0 10 00
80 01 B1 C0 D0 00 00 00 00 13 F2 F0 F8 00 CA 02
D2 43 CC 02 C2 43 CB 02 C2 43 CD 02 B0 12 52 70
B0 12 94 6F E2 B2 99 02 02 28 B0 12 52 57 D2 D3
1E 00 03 43 D2 C3 1D 00 30 41 0A 12 0B 12 08 12
09 12 0A 4D 0B 4E 08 43 4C 93 03 20 39 40 78 71
08 3C 5C 93 08 20 39 40 3C 71 03 3C 7C 4A 89 12
18 53 08 9B FB 2B 30 40 A4 71 4C 43 7D 40 0A 00
B0 12 1E 70 4E 4D 7D 53 4E 93 05 24 B0 12 10 71
7C F0 BC 00 F7 37 B0 12 CA 72 7C 90 9C 00 02 20
5C 43 30 41 4C 43 30 41 02 12 32 C2 03 43 82 4C
30 01 82 4E 38 01 82 4C 34 01 1C 42 3A 01 92 42
3C 01 3A 01 82 4F 38 01 82 4D 34 01 82 4E 38 01
1D 42 3A 01 00 13 82 43 42 02 C2 43 C6 02 B0 12
3E 66 3F 40 C4 09 3E 40 09 01 3E 53 FE 2F 3F 53
C2 93 C6 02 02 24 0F 93 F6 23 B0 12 B6 70 1C 42
42 02 30 41 E2 C3 CA 02 F2 D0 05 00 CA 02 D2 43
CC 02 C2 43 CB 02 D2 42 C9 02 CD 02 B0 12 DE 6C
B0 12 6C 64 E2 B2 99 02 02 28 B0 12 52 57 30 41
7E 42 B0 12 DE 71 5C B3 03 28 E2 D3 35 00 02 3C
E2 C3 35 00 12 C3 4C 10 00 3C 3F 40 83 00 3F 53
FE 2F B0 12 0E 72 4E 93 EC 23 30 41 0D 43 4C 43
B0 12 D6 6B 0E 4C 0D 43 B0 12 26 71 0F 43 0C 5E
0D 63 3E 40 64 00 B0 12 A8 6B B0 12 96 6E 0C 5C
3E 40 0A 00 30 40 60 6F C2 93 CB 02 02 24 F2 53
CB 02 82 93 96 02 0D 24 B2 53 96 02 02 20 30 40
36 67 B2 90 1E 00 96 02 04 20 B0 12 6E 72 D2 C3
99 02 30 41 F2 D0 20 00 24 00 F2 D0 80 00 2C 00
F2 D0 20 00 25 00 F2 D0 80 00 2D 00 F2 C0 20 00
22 00 F2 C0 80 00 2A 00 C2 43 B1 02 30 41 B0 12
52 70 B0 12 FE 72 04 20 F2 C0 80 00 21 00 30 41
6E 93 04 20 F2 C0 80 00 35 00 30 41 5E 93 03 20
F2 C0 10 00 35 00 30 41 09 12 09 4C 0D 4F 0C 4E
1E 41 04 00 1F 41 06 00 B0 12 E0 68 89 4C 00 00
89 4D 02 00 89 4E 04 00 89 4F 06 00 0C 49 39 41
30 41 2F 4C 0F 93 02 24 0D 9F 0C 2C 1F 4C 02 00
0F 93 02 24 0D 9F 06 2C 1F 4C 04 00 0F 93 04 24
0D 9F 02 28 3C 43 30 41 0C 43 30 41 0E 43 C2 43
C2 02 3F 40 69 0A 3F 53 FE 2F 0F 4E 1E 53 3F 90
31 75 03 2C C2 93 C2 02 F4 3F F2 D0 10 00 99 02
C2 43 C2 02 30 41 E2 C3 B6 02 5C 42 C0 02 7E 40
05 00 B0 12 5C 6F 4E 93 04 20 B0 12 48 60 B0 12
B6 55 E2 B2 99 02 02 28 B0 12 CE 64 30 41 0A 12
4A 4C 4E 43 4D 4C 3C 40 AA AA B0 12 92 51 4D 43
4C 4A B0 12 64 51 3C 90 AA AA 02 24 4C 43 01 3C
5C 43 3A 41 30 41 B0 12 FE 72 04 20 7C 40 06 00
30 40 4C 6A 6E 93 04 20 7C 40 05 00 30 40 4C 6A
5E 93 03 20 6C 42 30 40 4C 6A 30 40 94 6F 4F 4C
4E 43 4C 4E 0D 4C B0 12 64 72 0C 5D CC 9F 52 2A
04 24 5E 53 7E 90 10 00 F4 2B 7E 90 10 00 01 28
4E 43 4C 4E 30 41 B0 12 FE 72 04 20 7C 40 03 00
30 40 4C 6A 6E 93 03 20 6C 43 30 40 4C 6A 5E 93
03 20 5C 43 30 40 4C 6A 30 40 94 6F E2 C2 B6 02
F2 92 BF 02 0D 20 82 93 AC 02 0A 24 82 43 AC 02
4E 43 7D 40 05 00 0C 43 B0 12 92 51 B0 12 B6 55
30 41 0F 12 1F 42 B4 02 3F 90 14 00 0A 2C DF 42
7E 00 EE 04 92 53 B4 02 F2 D0 10 00 B6 02 B0 12
7C 72 3F 41 00 13 12 C3 0D 10 0C 10 12 C3 0D 10
0C 10 12 C3 0D 10 0C 10 12 C3 0D 10 0C 10 8C 10
8D 10 4C ED 0C ED 7D F3 30 41 0F 12 1F 42 B2 02
3F 90 00 01 09 2C DF 42 76 00 EE 03 92 53 B2 02
F2 D2 B6 02 B0 12 7C 72 3F 41 00 13 0F 43 3E 40
1A 2A 7D 42 5C 43 B0 12 AC 41 0F 43 3E 40 1F 2A
7D 40 1C 00 5C 43 B0 12 AC 41 30 40 5C 6D 0A 12
4F 43 3A 40 72 01 0A 9E 05 2C 2A 52 5F 53 7F 90
0A 00 F9 2B 4E 4F B0 12 08 5C 3A 41 30 41 7E 42
4C 93 03 34 E2 D3 19 00 02 3C E2 C3 19 00 4C 5C
E2 C2 19 00 E2 D2 19 00 7E 53 F2 23 30 41 12 C3
0D 10 0C 10 12 C3 0D 10 0C 10 12 C3 0D 10 0C 10
12 C3 0D 10 0C 10 0D 11 0C 10 30 41 7C F3 7E F3
0F 4E 0D 4C 0E 43 1C 43 0D 5D 0E 6E 0E 9F 01 28
0E 8F 0C 6C F9 2B 30 41 B0 12 50 71 F2 D0 80 00
1D 00 03 43 B0 12 EE 71 02 34 0F 93 F7 23 F2 43
32 00 30 41 E2 D2 1E 00 E2 D3 1E 00 03 43 E2 C3
1D 00 B0 12 04 70 E2 C2 1E 00 E2 C3 1E 00 30 41
0F 43 3C 90 01 01 05 28 3C 40 00 01 CF 43 EE 03
1F 53 0F 9C FB 2B 82 43 B2 02 30 41 4C 43 7E 42
E2 C2 19 00 E2 D2 19 00 4C 5C F2 B2 18 00 01 28
5C 53 7E 53 F5 23 30 41 0F 43 3C 90 15 00 05 28
3C 40 14 00 CF 43 EE 04 1F 53 0F 9C FB 2B 82 43
B4 02 30 41 E2 D2 1D 00 3F 40 09 01 3F 53 FE 2F
E2 C2 1D 00 3F 40 09 01 3F 53 FE 2F 30 41 F2 D0
0F 00 1A 00 F2 D0 0F 00 19 00 F2 C2 1A 00 3F 40
09 01 3F 53 FE 2F 30 41 F2 D0 90 00 36 00 F2 D0
90 00 35 00 F2 D0 80 00 22 00 F2 D0 80 00 21 00
30 41 F2 D0 90 00 36 00 F2 D0 90 00 35 00 F2 D0
80 00 22 00 F2 D0 80 00 21 00 30 41 B2 40 04 01
60 01 B2 40 10 00 62 01 B2 40 00 40 72 01 B2 D0
32 00 60 01 30 41 F2 C0 80 00 57 00 E2 C3 02 00
E2 B3 02 00 FB 2F F2 40 88 00 58 00 30 41 D2 B3
02 00 03 28 D2 C3 02 00 30 41 92 B3 2C 01 02 28
A2 C3 2C 01 30 41 82 43 A6 01 A2 C3 A0 01 B2 F0
CE FF A0 01 C2 43 37 00 C2 43 C6 02 30 41 12 C3
0C 10 12 C3 0C 10 12 C3 0C 10 12 C3 0C 10 0C 11
0C 11 30 41 7E 80 10 00 03 24 7E 80 0F 00 01 20
5A E3 F2 B0 10 00 99 02 30 41 0A 12 B0 12 A0 68
4A 4C B0 12 A0 68 4C 4C 8C 10 0C DA 3A 41 30 41
D2 C3 19 00 7C 40 D7 00 B0 12 1E 6F B0 12 CC 6F
D2 D3 19 00 30 41 0C 5C 0D 6D 0C 5C 0D 6D 0C 5C
0D 6D 0C 5C 0D 6D 0C 5C 0D 6D 30 41 C2 4C 7F 00
F2 B0 20 00 03 00 FC 2B F2 C0 20 00 03 00 30 41
F2 C0 20 00 1D 00 F2 D0 40 00 1D 00 C2 43 32 00
3F 43 30 41 F2 D0 7B 00 2C 00 F2 D0 7B 00 2D 00
F2 F0 84 00 2A 00 30 41 C2 4C 77 00 C2 93 02 00
FD 37 F2 C0 80 00 02 00 30 41 0F 4C 0F 5D 03 3C
CC 43 00 00 1C 53 0C 9F FB 23 30 41 35 41 34 41
37 41 36 41 39 41 38 41 3B 41 3A 41 30 41 E2 B3
02 00 04 28 E2 C3 02 00 82 43 20 01 00 13 5C 42
C0 02 4E 4A 30 40 5C 6F 5C 42 BF 02 FA 3F 0C 12
FC 4E 00 00 1C 53 1D 83 FB 23 3C 41 30 41 E2 C3
35 00 03 43 3F 40 0E 00 3F 53 FE 2F 30 41 5E 42
30 00 F2 C0 80 00 1D 00 3F 53 4E 93 30 41 B0 12
9A 63 B0 12 52 57 B2 40 32 00 96 02 30 41 E2 D3
35 00 3F 40 19 00 3F 53 FE 2F 7E 53 30 41 7F 40
40 00 7E 40 10 00 4D 43 4C 43 30 40 CA 43 0C 12
BC 4E 00 00 2C 53 1D 83 FB 23 3C 41 30 41 7C F3
4E 93 04 24 12 C3 0C 10 5E 83 FC 23 30 41 0C 12
CC 43 00 00 1C 53 1E 83 FB 23 3C 41 30 41 0C 5C
0C 5C 0C 5C 0C 5C 0C 5C 0C 5C 0C 5C 30 41 F2 D0
10 00 1E 00 F2 D0 10 00 1D 00 30 41 B2 40 66 06
92 01 B2 D0 14 00 80 01 30 41 B2 40 04 01 80 01
B2 40 10 00 82 01 30 41 F2 C0 40 00 B6 02 1C 42
B4 02 30 40 E8 6F B0 12 12 50 7C 40 A1 00 30 40
F4 4F 4E 93 03 24 0C 5C 5E 83 FD 23 30 41 5F 4E
CE 02 0C 5F 3E 53 1D 53 30 41 D2 D3 19 00 F2 F0
F1 00 1A 00 30 41 4E 4B B0 12 5C 6F 4C 4C 30 41
B0 12 5C 6D 5E 42 C2 02 30 41 4C 4A B0 12 5C 51
4C 93 30 41 4D 4A 4C 43 8B 12 0F 43 30 41 5E 42
CD 02 7E 90 03 00 30 41 6E 43 4D 43 4C 43 30 40
CA 43 4F 46 4E 47 4D 43 4C 43 00 44 4E 4B B0 12
5C 6F 4E 4E 30 41 B0 12 16 68 7D 53 4C 93 30 41
0F 43 4D 47 7C 42 00 46 0F 43 4D 44 7C 42 00 46
B0 12 CA 60 30 40 46 44 B0 12 82 5E 30 40 C6 51
30 40 54 73 30 40 58 73 FF 3F 30 41 
@FFE2
BA 58 
@FFE6
72 6E 46 59 A0 59 D6 59 04 64 
@FFF2
BA 6E 
@FFFA
E8 6A AE 71 94 35 
q
